;文件名   					地图名    		坐标X  		 坐标Y  		 NPC显示名称    NPC标识 		 形象代码  		是否沙城NPC    	NPC是否可移动    NPC移动间隔时间   	封号1   封号2   封号3
; 装饰\灯笼                  0                 475             208                       　                 0                      606                    0                              0                              0
; 装饰\灯笼                  0                 489             222                           　             0                      606                    0                              0                              0
中州\章鱼王1			0					581				336				　　　　				0						21						100								0								0
中州\章鱼王2			0					362				112				　　　　				0						20					101								0								0
;------------------------------------------------------------------------------------黄金城--------------------------------------------------
中州\行会功能		0		470		206		　		0		428		0		0		0		28
中州\沙城使者	    0		467		209		沙城使者	    0		48		0		0		0		0
中州\神秘商店		0		461		210		神秘商店	    0		48		0		0		0		0
中州\天选之人		0		454		217		天选之人	    0		0		0		0		0		0
中州\转区NPC		0		457		220		转区NPC	    0		0		0		0		0		0
中州\狂暴之力		0		460		223		　		0		306		0		0		0		30
中州\霸主冠名		0		463		226		霸主冠名		0		0		0		0		0		0
中州\沙城红包NPC    0		464		212		　	                0		48		0		0		0		20

同读<中州/秘境副本>		0		477		211	黄阶秘境		0		0		0		0		0		0

中州/僵尸洞		0		484		218		　\[新手地图]$222			0		499		0		0		0		32
中州/机关洞		0		487		221		　\[新手地图]$222			0		499		0		0		0		33
中州/蛇魔谷		0		490		224		　\[新手地图]$222			0		499		0		0		0		34
中州/逆魔古刹		0		493		227		　\[普通地图]$222			0		500		0		0		0		35
中州/通天台		0		491		232		　\[普通地图]$222			0		500		0		0		0		36
中州/铁血魔殿		0		489		234		　\[普通地图]$222			0		500		0		0		0		37
中州/天空之城		0		487		236		　\[高级地图]$222			0		501		0		0		0		38
中州/凌霄天界		0		485		238		　\[高级地图]$222			0		501		0		0		0		39
; 中州/上古世纪		0		481		230		　\[高级地图]$222			0		501		0		0		0		40
;中州/神之墓地		0		485		231		神之墓地\[福利地图]$222		0		368		0		0		0

中州\安全挂机		0		481		236		　　　　		0		55		0		0		0		51		
中州\BOSS空间		0		478		233		　　　　		0		54		0		0		0		60
中州\特权			0		475		230		　		       0		234		0		0		0		26
中州\治疗师         0       480     224     　              0     165     0       0         0       49
中州\技能大师       0    474        208     技能大师             0       0     0       0         0       0

;中州\附件升级      0     484        206   附件升级     0    0     0       0         0       0
中州\四象之力      0     486        204   四象之力     0    0     0       0         0       0
中州\魔盾魔体      0     488        202   魔盾魔体     0    0     0       0         0       0
中州\法宝升级      0     484        206   法宝升级     0    0     0       0         0       0
中州\面具勋章      0     490        212   面具勋章     0    0     0       0         0       0
中州\盾牌魂珠      0     492        210   盾牌魂珠     0    0     0       0         0       0
中州\护符宝石      0     494        208   护符宝石     0    0     0       0         0       0
中州\镖师			0		458		231		　		0		54		0		0		0		24
中州\张员外		0		390		578		　		0		52		0		0		0		25
同读<中州/老兵>		0		471		225		　		0		0		0		0		0		31



; 中州\治疗师                               0                              475                          230                           　                             0                              165                           0                              0                              0                               49
; 中州\军衔系统		0		466		219		　		0		450		0		0		0		19
; 中州\沙城红包NPC		0		466		225		　	                0		48		0		0		0		20
; 中州\绿色封号		0 		466 		230 		　		0 		537 		0		0		0		21
; 中州\副本管家		0		469		230		　		0		314		0		0		0		22
; 中州\金锭			0		470		221		　　　　		0		0		0		0		0 72
; 中州\镖师			0		448		241		　		0		54		0		0		0		24
; 中州\张员外		0		390		578		　		0		52		0		0		0		25
; 中州\特权			0		485		219		　		0		234		0		0		0		26
; 同读<中州/老兵>		0		473		221		　		0		0		0		0		0		31
; 中州\书店掌柜		0		497		245		　		0		5		0		0		0		27
; 中州\行会仓库		0		478		230		　		0		428		0		0		0		28
; 同读<中州/回收使者>		0		472		230		　		0		52		0		0		0		29
; 中州/测试1			0		469		226		测试1		0		0		0		0		0
; 中州/月光宝盒		0		476		221		　		0		0		0		0		0		73
; 中州\狂暴之力		0		485		225		　		0		306		0		0		0		30
; 中州\中州_技能神殿		0		460		230		　　　　　	0		501		0		0		0		53
; 中州\羽翼秘境		0		463		214		　　　　		0		159                           0                              0                              0		55
; 中州\灵兽秘境		0		463		219		　　　　		0		159                          0                              0                              0		57
; 中州\特戒秘境		0		463		225		　　　　		0		159                           0                              0                              0		58
; 中州\法宝秘境		0		463		230		　　　　		0		159                           0                              0                              0		59
; 中州\四象秘境		0		460		214		　　　　		0		159                           0                              0                              0		54
; 中州\军衔秘境		0		460		219		　　　　		0		159                          0                              0                              0		56
; 中州\泡点使者		0		460		225		　　　　		0		535                           0                              0                              0		52
; 中州\BOSS空间		0		485		230		　　　　		0		54		0		0		0		60
; 中州\安全挂机		0		489		230		　　　　		0		55		0		0		0		51		
; 中州\仓库管理员		0 		466		206		　　　　　	0		41		0		0		0		70
; 同读<中州\天关使者>		0		456		234	　　　　			0		535		0		0		0		71
; 同读<中州\天关使者>		ntg2100		34		28	　　　　			0		535		0		0		0		71


;------------------------------------------------------------------------------------黄金城--------------------------------------------------
同读<中州/老兵>		hjc0001		91		68		　		0		0		0		0		0		31
; 黄金城\镇魔神殿		hjc0001		91		63		　　　　		0		499		0		0		0		61
; 黄金城\幽暗密林		hjc0001		95		63		　　　　		0		499		0		0		0		62
; 黄金城\烈焰魔域		hjc0001		99		63		　　　　		0		499		0		0		0		63
;黄金城\BOSS之家		hjc0001		91		69		　　　　		0		0		0		0		0		
; 黄金城\战神冢		hjc0001		103		63		　　　　		0		500		0		0		0		64
; 黄金城\混沌之境		hjc0001		103		69		　　　　		0		500		0		0		0		65
; 黄金城\无间炼狱		hjc0001		103		74		　　　　		0		500		0		0		0		66
; 黄金城\地底仙境		hjc0001		91		74		　　　　		0		501		0		0		0		69
; 黄金城\绝毒洞窟		hjc0001		95		74		　　　　		0		501		0		0		0		68
; 黄金城\破灭虚空		hjc0001		99		74		　　　　		0		501		0		0		0		67

同读<中州/秘境副本>		hjc0001		87		63	玄阶秘境		0		0		0		0		0		0
同读<中州/秘境副本>		hjc0001		87		68	地阶秘境		0		0		0		0		0		0

黄金城\绿色封号		hjc0001 		91 		63 		　		0 		537 		0		0		0		21
黄金城\副本管家		hjc0001		95		63		　		0		314		0		0		0		22
黄金城\军衔秘境		hjc0001		99		63		　		0		450		0		0		0		56
黄金城\凶器		    hjc0001		103		74		凶器		0		0		0		0		0		0
黄金城\符石		    hjc0001		99		74		符石		0		0		0		0		0		0
黄金城\强化		    hjc0001		95		74		强化		0		0		0		0		0		0
黄金城\合成		    hjc0001		91		74		合成		0		0		0		0		0		0
黄金城\特殊羽翼		    hjc0001		107		74		特殊羽翼		0		0		0		0		0		0
黄金城\特戒		    hjc0001		110		68		特戒		0		0		0		0		0		0
黄金城\法宝特效		    hjc0001		103		63		法宝特效		0		0		0		0		0		0
黄金城\境界飞升		    hjc0001		107		63		境界飞升		0		0		0		0		0		0
黄金城\中州_技能神殿		hjc0001		87		74		　　　　　	0		501		0		0		0		53
黄金城\军衔系统		    hjc0001		95		57		　		0		450		0		0		0		19


;------------------------------------------------------------------------------------西域奇境--------------------------------------------------
同读<中州/老兵>		5		410		71		　		0		0		0		0		0		31

西域奇境\羽翼技能		    5		407		75		羽翼技能		0		0		0		0		0		0
西域奇境\副本管家		    5		414		68		副本管家		0		0		0		0		0		0
西域奇境\终极特戒		    5		423		79		终极特戒		0		0		0		0		0		0
西域奇境\神兵强化		    5		411		79		神兵强化		0		0		0		0		0		0
西域奇境\宝甲强化		    5		414		82		宝甲强化		0		0		0		0		0		0
西域奇境\洗练功能		    5		417		85		洗练功能		0		0		0		0		0		0

西域奇境\钻石换V		    5		417		73		钻石换V		0		0		0		0		0		0
西域奇境\灵兽装备		    5		420		76		洗练功能		0		0		0		0		0		0


西域奇境\无间炼狱		5		126		133		　　　　		0		500		0		0		0		66
西域奇境\地底仙境		5		154		532		　　　　		0		501		0		0		0		69

西域奇境\灭世魔神		    5		323		392		灭世魔神		0		0		0		0		0		0

西域奇境\绝毒洞窟		5		596		606		　　　　		0		501		0		0		0		68
西域奇境\破灭虚空		5		494		124		　　　　		0		501		0		0		0		67


;=================================================危险区域=====================================================

; 中州/僵尸洞		0		466		214		　\[新手地图]$222			0		499		0		0		0		32
; 中州/机关洞		0		469		214		　\[新手地图]$222			0		499		0		0		0		33
; 中州/蛇魔谷		0		472		214		　\[新手地图]$222			0		499		0		0		0		34
; 中州/逆魔古刹		0		475		214		　\[普通地图]$222			0		500		0		0		0		35
; 中州/通天台		0		478		214		　\[普通地图]$222			0		500		0		0		0		36
; 中州/铁血魔殿		0		481		214		　\[普通地图]$222			0		500		0		0		0		37
; 中州/天空之城		0		481		219		　\[高级地图]$222			0		501		0		0		0		38
; 中州/凌霄天界		0		481		225		　\[高级地图]$222			0		501		0		0		0		39
; 中州/上古世纪		0		481		230		　\[高级地图]$222			0		501		0		0		0		40
;中州/神之墓地		0		485		231		神之墓地\[福利地图]$222		0		368		0		0		0

;====================================================落霞=====================================================
落霞/服装店掌柜		1		218		230		　	                0		10		0		0		0		41
落霞/铁匠			1		226		215		　		0		6		0		0		0		42
落霞/药店掌柜		1		222		267		　		0		8		0		0		0		43
落霞/屠夫			1		228		262		　		0		7		0		0		0		44
落霞/杂货商		1		233		254		　		0		1		0		0		0		45
落霞/首饰店掌柜		1		242		232		　	                0		12		0		0		0		46
落霞/老兵			1		250		250		　		0		0		0		0		0		47
落霞/书店掌柜		1		33		223		　		0		5		0		0		0		27

;同读<中州/测试NPC>		1		233		233		审核测试NPC		0		0		0		0		0
;==================================工会战场=======================
;文件名 				地图名 坐标X 	坐标Y 	NPC显示名称 	NPC标识 	形象代码 	是否沙城NPC NPC是否可移动 	NPC移动间隔时间 封号1 封号2 封号3
同读<活动\工会战采集> 		GHZZ 	35 	45 	　		                0	541 	1001 	0 	0	18
同读<活动\工会战采集> 		GHZZ 	31 	50 	　		                0 	47 	1002 	0 	0	17
同读<活动\工会战采集> 		GHZZ 	30 	44 	　		                0 	47 	1003 	0 	0	17
同读<活动\工会战采集>  		GHZZ 	34 	41 	　		                0	47 	1004 	0 	0	17
同读<活动\工会战采集>  		GHZZ	38 	43 	　		                0	47 	1005 	0 	0	17
同读<活动\工会战采集> 		GHZZ 	39 	48 	　		                0	47 	1006 	0 	0	17
同读<活动\工会战采集>  		GHZZ 	35 	51 	　		                0	47 	1007 	0 	0	16
同读<活动\工会战采集>  		GHZZ 	27 	41 	　		                0	47 	1008 	0 	0	16
同读<活动\工会战采集>  		GHZZ 	31 	38 	　		                0	47 	1009	0 	0	16
同读<活动\工会战采集>  		GHZZ	35 	38 	　		                0 	47 	1010	0 	0	16
同读<活动\工会战采集>  		GHZZ	40 	39 	　		                0	47 	1011	0 	0	16
同读<活动\工会战采集>  		GHZZ	43 	44 	　		                0 	47 	1012	0 	0	16
同读<活动\工会战采集>  		GHZZ	44 	51 	　		                0 	47 	1013	0 	0	16
同读<活动\工会战采集>  		GHZZ	41 	55 	　		                0 	47 	1014	0 	0	16
同读<活动\工会战采集>  		GHZZ	36 	57 	　		                0 	47 	1015	0 	0	16
同读<活动\工会战采集>  		GHZZ	31 	56 	　		                0 	47 	1016	0 	0	16
同读<活动\工会战采集>  		GHZZ	25 	49 	　		                0 	47 	1017	0 	0	16
同读<活动\工会战提交>  		GHZZ	23 	58 	　	              		0 	48 	0	0 	0	48
同读<活动\工会战提交>  		GHZZ	43 	38 	　	                	0 	48 	0	0 	0	48