;地图		X坐标		Y坐标		怪物名称		范围		数量		刷怪间隔(分钟)		集中座标刷怪几率(0-100)		是否死后过了间隔才刷(0,1)		怪物新名字		怪物等级		封号1		封号2		封号3		刷新触发标签		是否走动

;---------------------------------------------------------------------------------------一阶地图--------------------------------------------------------------------------------------------
T012		72		35		僵尸		10		5		1		0		0
T012		57		20		僵尸		10		5		1		0		0
T012		41		26		僵尸		10		5		1		0		0
T012		25		35		僵尸		10		5		1		0		0
T012		43		50		僵尸		10		5		1		0		0
T012		59		63		僵尸		10		5		1		0		0
T012		38		73		僵尸		10		5		1		0		0
T012		65		69		僵尸		10		5		1		0		0
T012		87		86		僵尸		10		5		1		0		0
T012		72		35		僵尸1		10		5		1		0		0
T012		57		20		僵尸1		10		5		1		0		0
T012		41		26		僵尸1		10		5		1		0		0
T012		25		35		僵尸1		10		5		1		0		0
T012		43		50		僵尸1		10		5		1		0		0
T012		59		63		僵尸1		10		5		1		0		0
T012		38		73		僵尸1		10		5		1		0		0
T012		65		69		僵尸1		10		5		1		0		0
T012		87		86		僵尸1		10		5		1		0		0
T012		72		35		尸王		10		3		1		0		0
T012		57		20		尸王		10		3		1		0		0
T012		41		26		尸王		10		3		1		0		0
T012		25		35		尸王		10		3		1		0		0
T012		43		50		尸王		10		3		1		0		0
T012		59		63		尸王		10		3		1		0		0
T012		38		73		尸王		10		3		1		0		0
T012		65		69		尸王		10		3		1		0		0
T012		87		86		尸王		10		3		1		0		0

;---------------------------------------------一阶二层
L004		88		43		尸王		18		6		1		0		0
L004		93		40		尸王		15		6		1		0		0
L004		95		65		尸王		15		6		1		0		0
L004		75		89		尸王		15		6		1		0		0
L004		50		83		尸王		15		6		1		0		0
L004		59		99		尸王		15		6		1		0		0
L004		59		99		尸王		15		6		1		0		0


*L004		52		87		尸霸		1		1		1		0		1

;---------------------------------------------------------------------------------------二阶地图--------------------------------------------------------------------------------------------
M014		24		78		石头人		15		3		1		0		0
M014		46		103		石头人		15		3		1		0		0
M014		71		128		石头人		15		3		1		0		0
M014		115		83		石头人		15		3		1		0		0
M014		76		5		石头人		15		3		1		0		0
M014		55		36		石头人		15		3		1		0		0
M014		59		69		石头人		15		3		1		0		0
M014		75		89		石头人		15		3		1		0		0
M014		89		50		石头人		15		3		1		0		0
M014		103		72		石头人		15		3		1		0		0
M014		50		94		石头人		15		3		1		0		0
M014		73		128		石头人		15		3		1		0		0
M014		24		78		青铜兽		15		3		1		0		0
M014		46		103		青铜兽		15		3		1		0		0
M014		71		128		青铜兽		15		3		1		0		0
M014		115		83		青铜兽		15		3		1		0		0
M014		76		5		青铜兽		15		3		1		0		0
M014		55		36		青铜兽		15		3		1		0		0
M014		59		69		青铜兽		15		3		1		0		0
M014		75		89		青铜兽		15		3		1		0		0
M014		89		50		青铜兽		15		3		1		0		0
M014		103		72		青铜兽		15		3		1		0		0
M014		50		94		青铜兽		15		3		1		0		0
M014		73		128		青铜兽		15		3		1		0		0
M014		24		78		金刚人		15		3		1		0		0
M014		46		103		金刚人		15		3		1		0		0
M014		71		128		金刚人		15		3		1		0		0
M014		115		83		金刚人		15		3		1		0		0
M014		76		5		金刚人		15		3		1		0		0
M014		55		36		金刚人		15		3		1		0		0
M014		59		69		金刚人		15		3		1		0		0
M014		75		89		金刚人		15		3		1		0		0
M014		89		50		金刚人		15		3		1		0		0
M014		103		72		金刚人		15		3		1		0		0
M014		50		94		金刚人		15		3		1		0		0
M014		73		128		金刚人		15		3		1		0		0

;---------------------------------------------二阶二层
M029		81		56		石头人		15		2		1		0		0
M029		66		72		石头人		15		2		1		0		0
M029		30		65		石头人		15		2		1		0		0
M029		20		40		石头人		15		2		1		0		0
M029		38		22		石头人		15		2		1		0		0
M029		52		38		石头人		15		2		1		0		0
M029		81		56		青铜兽		15		3		1		0		0
M029		66		72		青铜兽		15		3		1		0		0
M029		30		65		青铜兽		15		3		1		0		0
M029		20		40		青铜兽		15		3		1		0		0
M029		38		22		青铜兽		15		3		1		0		0
M029		52		38		青铜兽		15		3		1		0		0
M029		81		56		金刚人		15		2		1		0		0
M029		66		72		金刚人		15		2		1		0		0
M029		30		65		金刚人		15		2		1		0		0
M029		20		40		金刚人		15		2		1		0		0
M029		38		22		金刚人		15		2		1		0		0
M029		52		38		金刚人		15		2		1		0		0

M029		52		31		机关巨兽		1		1		1		0		1

;---------------------------------------------------------------------------------------三阶地图--------------------------------------------------------------------------------------------
MH030		112		113		三头蛇		25		9		1		0		0
MH030		149		158		三头蛇		25		9		1		0		0
MH030		106		195		三头蛇		25		9		1		0		0
MH030		77		155		三头蛇		25		9		1		0		0
MH030		41		103		三头蛇		25		9		1		0		0
MH030		74		109		三头蛇		25		9		1		0		0
MH030		84		66		三头蛇		25		9		1		0		0
MH030		119		35		三头蛇		25		9		1		0		0
MH030		144		80		三头蛇		25		9		1		0		0
MH030		184		120		三头蛇		25		9		1		0		0
MH030		87		57		三头蛇		25		9		1		0		0
MH030		112		113		黑蛇妖		25		9		1		0		0
MH030		149		158		黑蛇妖		25		9		1		0		0
MH030		106		195		黑蛇妖		25		9		1		0		0
MH030		77		155		黑蛇妖		25		9		1		0		0
MH030		41		103		黑蛇妖		25		9		1		0		0
MH030		74		109		黑蛇妖		25		9		1		0		0
MH030		84		66		黑蛇妖		25		9		1		0		0
MH030		119		35		黑蛇妖		25		9		1		0		0
MH030		144		80		黑蛇妖		25		9		1		0		0
MH030		184		120		黑蛇妖		25		9		1		0		0
MH030		87		57		黑蛇妖		25		9		1		0		0
MH030		112		113		白蛇妖		25		9		1		0		0
MH030		149		158		白蛇妖		25		9		1		0		0
MH030		106		195		白蛇妖		25		9		1		0		0
MH030		77		155		白蛇妖		25		9		1		0		0
MH030		41		103		白蛇妖		25		9		1		0		0
MH030		74		109		白蛇妖		25		9		1		0		0
MH030		84		66		白蛇妖		25		9		1		0		0
MH030		119		35		白蛇妖		25		9		1		0		0
MH030		144		80		白蛇妖		25		9		1		0		0
MH030		184		120		白蛇妖		25		9		1		0		0
MH030		87		57		白蛇妖		25		9		1		0		0

;---------------------------------------------三阶二层
NB003		52		50		三头蛇		30		25		1		0		0
NB003		52		50		黑蛇妖		30		20		1		0		0
NB003		52		50		白蛇妖		30		6		1		0		0
NB003		52		50		蛇妖王		1		1		1		0		1

;---------------------------------------------------------------------------------------四阶地图--------------------------------------------------------------------------------------------
4JMAP		170	170	逆魔雕像		100	35	1		0		0
4JMAP		170	170	逆魔侍卫		100	35	1		0		0
*4JMAP		170	170	逆魔			100	2	1		0		0

4JMAP		273	273	逆魔雕像		100	35	1		0		0
4JMAP		273	273	逆魔侍卫		100	35	1		0		0
*4JMAP		273	273	逆魔			100	2	1		0		0

4JMAP		192	283	逆魔雕像		100	35	1		0		0
4JMAP		192	283	逆魔侍卫		100	35	1		0		0
*4JMAP		192	283	逆魔			100	2	1		0		0

4JMAP		284	188	逆魔雕像		100	35	1		0		0
4JMAP		284	188	逆魔侍卫		100	35	1		0		0

4JMAP		315	319	逆魔雕像		100	5	1		0		0
4JMAP		315	319	逆魔侍卫		100	5	1		0		0

*4JMAP		148	165	逆魔之王	1		1		15		0		1
*4JMAP		241	263	逆魔之王　	1		1		15		0		1
*4JMAP		290	344	　逆魔之王　	1		1		15		0		1

;---------------------------------------------------------------------------------------四阶地图1--------------------------------------------------------------------------------------------
4JMAP1		170	170	逆魔雕像		100	35	1		0		0
4JMAP1		170	170	逆魔侍卫		100	35	1		0		0
*4JMAP1	170	170	逆魔			100	2	1		0		0

4JMAP1		273	273	逆魔雕像		100	35	1		0		0
4JMAP1		273	273	逆魔侍卫		100	35	1		0		0
*4JMAP1	273	273	逆魔			100	2	1		0		0

4JMAP1		192	283	逆魔雕像		100	35	1		0		0
4JMAP1		192	283	逆魔侍卫		100	35	1		0		0
*4JMAP1	192	283	逆魔			100	2	1		0		0

4JMAP1		284	188	逆魔雕像		100	35	1		0		0
4JMAP1		284	188	逆魔侍卫		100	35	1		0		0

4JMAP1		315	319	逆魔雕像		100	5	1		0		0
4JMAP1		315	319	逆魔侍卫		100	5	1		0		0

*4JMAP1	148	165	逆魔之王	1		1		15		0		1
*4JMAP1	241	263	逆魔之王　	1		1		15		0		1
*4JMAP1	290	344	　逆魔之王　	1		1		15		0		1

;---------------------------------------------------------------------------------------五阶地图--------------------------------------------------------------------------------------------
5JMAP		163		170		烈焰使		30		15		1		0		0
5JMAP		241		147		烈焰使		30		15		1		0		0
5JMAP		216		229		烈焰使		30		15		1		0		0
5JMAP		163		170		火烈鸟		30		15		1		0		0
5JMAP		241		147		火烈鸟		30		15		1		0		0
5JMAP		216		229		火烈鸟		30		15		1		0		0
5JMAP		163		170		招魂使		30		3		10		0		0
5JMAP		241		147		招魂使		30		3		10		0		0
5JMAP		160		229		烈焰使		30		15		1		0		0
5JMAP		160		229		火烈鸟		30		15		1		0		0

*5JMAP		219		229		通天教主	1		1		20		0		1		通天教主		0		3
*5JMAP		248		121		通天教主　	1		1		20		0		1		通天教主		0		3
;---------------------------------------------------------------------------------------五阶1地图--------------------------------------------------------------------------------------------
5JMAP1		163		170		烈焰使		30		15		1		0		0
5JMAP1		241		147		烈焰使		30		15		1		0		0
5JMAP1		216		229		烈焰使		30		15		1		0		0
5JMAP1		163		170		火烈鸟		30		15		1		0		0
5JMAP1		241		147		火烈鸟		30		15		1		0		0
5JMAP1		216		229		火烈鸟		30		15		1		0		0
5JMAP1		163		170		招魂使		30		3		10		0		0
5JMAP1		241		147		招魂使		30		3		10		0		0
5JMAP1		160		229		烈焰使		30		15		1		0		0
5JMAP1		160		229		火烈鸟		30		15		1		0		0

*5JMAP1		219		229		通天教主	1		1		20		0		1		通天教主		0		3
*5JMAP1		248		121		通天教主　	1		1		20		0		1		通天教主		0		3

;---------------------------------------------------------------------------------------六阶地图--------------------------------------------------------------------------------------------
6JMAP		72		98		猛魔刀兵		30		10		1		0		0
6JMAP		72		98		猛魔枪卒		30		10		1		0		0
6JMAP		72		98		幽影武士		30		2		10		0		0

6JMAP		33		123		猛魔刀兵		30		10		1		0		0
6JMAP		33		123		猛魔枪卒		30		10		1		0		0
6JMAP		33		123		幽影武士		30		2		10		0		0
6JMAP		101		50		猛魔刀兵		30		10		1		0		0
6JMAP		101		50		猛魔枪卒		30		10		1		0		0
6JMAP		101		50		幽影武士		30		2		10		0		0
6JMAP		72		43		猛魔刀兵		30		10		1		0		0
6JMAP		72		43		猛魔枪卒		30		10		1		0		0
6JMAP		72		43		幽影武士		30		2		10		0		0

*6JMAP		78		92		铁血魔王		1		1		30		0		1		铁血魔王		0		4
*6JMAP		71		35		铁血魔王　		1		1		30		0		1		铁血魔王		0		4
;---------------------------------------------------------------------------------------六阶地图1--------------------------------------------------------------------------------------------
6JMAP1		72		98		猛魔刀兵		30		10		1		0		0
6JMAP1		72		98		猛魔枪卒		30		10		1		0		0
6JMAP1		72		98		幽影武士		30		2		10		0		0

6JMAP1		33		123		猛魔刀兵		30		10		1		0		0
6JMAP1		33		123		猛魔枪卒		30		10		1		0		0
6JMAP1		33		123		幽影武士		30		2		10		0		0
6JMAP1		101		50		猛魔刀兵		30		10		1		0		0
6JMAP1		101		50		猛魔枪卒		30		10		1		0		0
6JMAP1		101		50		幽影武士		30		2		10		0		0
6JMAP1		72		43		猛魔刀兵		30		10		1		0		0
6JMAP1		72		43		猛魔枪卒		30		10		1		0		0
6JMAP1		72		43		幽影武士		30		2		10		0		0

*6JMAP1	78		92		铁血魔王		1		1		30		0		1		铁血魔王		0		4
*6JMAP1	71		35		铁血魔王　		1		1		30		0		1		铁血魔王		0		4

;---------------------------------------------------------------------------------------七阶地图--------------------------------------------------------------------------------------------
7JMAP		67		86		魔神修罗		20		10		1		0		0
7JMAP		39		58		暗影修罗		20		10		1		0		0

7JMAP		42		89		暗影修罗		20		10		1		0		0
7JMAP		42		89		魔神修罗		20		10		1		0		0
7JMAP		42		89		黑袍修罗		20		3		10		0		0

7JMAP		67		61		暗影修罗		20		10		1		0		0
7JMAP		67		61		魔神修罗		20		10		1		0		0
7JMAP		67		61		黑袍修罗		20		3		10		0		0

7JMAP		91		90		暗影修罗		20		10		1		0		0
7JMAP		91		90		魔神修罗		20		10		1		0		0
7JMAP		91		90		黑袍修罗		20		3		10		0		0

7JMAP		68		115		暗影修罗		20		10		1		0		0
7JMAP		68		115		魔神修罗		20		10		1		0		0
7JMAP		68		115		黑袍修罗		20		3		10		0		0

*7JMAP	96		56		阿修罗神		1		1		60		0		1		阿修罗神		0		5
*7JMAP	40		113		阿修罗神　	1		1		60		0		1		阿修罗神		0		5
;---------------------------------------------------------------------------------------七阶1地图--------------------------------------------------------------------------------------------
7JMAP1		67		86		魔神修罗		20		10		1		0		0
7JMAP1		39		58		暗影修罗		20		10		1		0		0

7JMAP1		42		89		暗影修罗		20		10		1		0		0
7JMAP1		42		89		魔神修罗		20		10		1		0		0
7JMAP1		42		89		黑袍修罗		20		3		10		0		0

7JMAP1		67		61		暗影修罗		20		10		1		0		0
7JMAP1		67		61		魔神修罗		20		10		1		0		0
7JMAP1		67		61		黑袍修罗		20		3		10		0		0

7JMAP1		91		90		暗影修罗		20		10		1		0		0
7JMAP1		91		90		魔神修罗		20		10		1		0		0
7JMAP1		91		90		黑袍修罗		20		3		10		0		0

7JMAP1		68		115		暗影修罗		20		10		1		0		0
7JMAP1		68		115		魔神修罗		20		10		1		0		0
7JMAP1		68		115		黑袍修罗		20		3		10		0		0

*7JMAP1	96		56		阿修罗神		1		1		60		0		1		阿修罗神		0		5
*7JMAP1	40		113		阿修罗神　	1		1		60		0		1		阿修罗神		0		5

;---------------------------------------------------------------------------------------八阶地图--------------------------------------------------------------------------------------------

8JMAP	56	89 	御兽狂魔		50	15	1		0		0
8JMAP	56	89 	焚天马奴		50	15	1		0		0

8JMAP	71	119	御兽狂魔		25	15	1		0		0
8JMAP	71	119	焚天马奴		25	15	1		0		0

8JMAP	68	156	御兽狂魔		35	18	1		0		0
8JMAP	68	156	焚天马奴		35	18	1		0		0

8JMAP	144	200	御兽狂魔		35	18	1		0		0
8JMAP	144	200	焚天马奴		35	18	1		0		0

8JMAP	167	171	御兽狂魔		25	10	1		0		0
8JMAP	167	171	焚天马奴		25	10	1		0		0

8JMAP	181	143	御兽狂魔		45	19	1		0		0
8JMAP	181	143	焚天马奴		45	10	1		0		0

8JMAP	206	108	御兽狂魔		45	19	1		0		0
8JMAP	206	108	焚天马奴		45	10	1		0		0

8JMAP	172	84	御兽狂魔		45	13	1		0		0
8JMAP	172	84	焚天马奴		45	20	1		0		0

8JMAP	140	69	御兽狂魔		30	13	1		0		0
8JMAP	140	69	焚天马奴		25	13	1		0		0

8JMAP	119	96	御兽狂魔		30	13	1		0		0
8JMAP	119	96	焚天马奴		25	10	1		0		0

8JMAP	168	150	御兽狂魔		25	13	1		0		0
8JMAP	168	150	焚天马奴		35	10	1		0		0

8JMAP	91	103	御兽狂魔		25	10	1		0		0
8JMAP	91	103	焚天马奴		25	13	1		0		0

8JMAP	61	124	焚天马奴		20	11	1		0		0
8JMAP	61	124	御兽狂魔		20	11	1		0		0

8JMAP	38	148	焚天马奴		35	11	1		0		0
8JMAP	38	148	御兽狂魔		35	11	1		0		0

8JMAP	167	171	焚天马奴		35	11	1		0		0
8JMAP	167	171	御兽狂魔		35	11	1		0		0
8JMAP	167	171	驭冰游神		35	11	1		0		0

8JMAP	181	143	焚天马奴		25	11	1		0		0
8JMAP	181	143	驭冰游神		25	11	1		0		0

8JMAP	172	84	焚天马奴		25	11	1		0		0
8JMAP	172	84	驭冰游神		25	11	1		0		0

8JMAP	168	150	焚天马奴		25	11	1		0		0
8JMAP	168	150	驭冰游神		25	11	1		0		0

8JMAP	206	108	焚天马奴		20	11	1		0		0
8JMAP	206	108	驭冰游神		25	11	1		0		0

8JMAP	91	103	焚天马奴		20	11	1		0		0
8JMAP	91	103	驭冰游神		25	11	1		0		0

8JMAP	80	210	焚天马奴		25	11	1		0		0
8JMAP	80	210	御兽狂魔		25	11	1		0		0

*8JMAP	114	104	赤阳魔尊		10	1	30		0		1          赤阳魔尊             0              6
*8JMAP	216	103	赤阳魔尊5		10	1	30		0		1          赤阳魔尊             0              6
;---------------------------------------------------------------------------------------八阶1地图--------------------------------------------------------------------------------------------

8JMAP1	56	89 	御兽狂魔		50	15	1		0		0
8JMAP1	56	89 	焚天马奴		50	15	1		0		0

8JMAP1	71	119	御兽狂魔		25	15	1		0		0
8JMAP1	71	119	焚天马奴		25	15	1		0		0

8JMAP1	68	156	御兽狂魔		35	18	1		0		0
8JMAP1	68	156	焚天马奴		35	18	1		0		0

8JMAP1	144	200	御兽狂魔		35	18	1		0		0
8JMAP1	144	200	焚天马奴		35	18	1		0		0

8JMAP1	167	171	御兽狂魔		25	10	1		0		0
8JMAP1	167	171	焚天马奴		25	10	1		0		0

8JMAP1	181	143	御兽狂魔		45	19	1		0		0
8JMAP1	181	143	焚天马奴		45	10	1		0		0

8JMAP1	206	108	御兽狂魔		45	19	1		0		0
8JMAP1	206	108	焚天马奴		45	10	1		0		0

8JMAP1	172	84	御兽狂魔		45	13	1		0		0
8JMAP1	172	84	焚天马奴		45	20	1		0		0

8JMAP1	140	69	御兽狂魔		30	13	1		0		0
8JMAP1	140	69	焚天马奴		25	13	1		0		0

8JMAP1	119	96	御兽狂魔		30	13	1		0		0
8JMAP1	119	96	焚天马奴		25	10	1		0		0

8JMAP1	168	150	御兽狂魔		25	13	1		0		0
8JMAP1	168	150	焚天马奴		35	10	1		0		0

8JMAP1	91	103	御兽狂魔		25	10	1		0		0
8JMAP1	91	103	焚天马奴		25	13	1		0		0

8JMAP1	61	124	焚天马奴		20	11	1		0		0
8JMAP1	61	124	御兽狂魔		20	11	1		0		0

8JMAP1	38	148	焚天马奴		35	11	1		0		0
8JMAP1	38	148	御兽狂魔		35	11	1		0		0

8JMAP1	167	171	焚天马奴		35	11	1		0		0
8JMAP1	167	171	御兽狂魔		35	11	1		0		0
8JMAP1	167	171	驭冰游神		35	11	1		0		0

8JMAP1	181	143	焚天马奴		25	11	1		0		0
8JMAP1	181	143	驭冰游神		25	11	1		0		0

8JMAP1	172	84	焚天马奴		25	11	1		0		0
8JMAP1	172	84	驭冰游神		25	11	1		0		0

8JMAP1	168	150	焚天马奴		25	11	1		0		0
8JMAP1	168	150	驭冰游神		25	11	1		0		0

8JMAP1	206	108	焚天马奴		20	11	1		0		0
8JMAP1	206	108	驭冰游神		25	11	1		0		0

8JMAP1	91	103	焚天马奴		20	11	1		0		0
8JMAP1	91	103	驭冰游神		25	11	1		0		0

8JMAP1	80	210	焚天马奴		25	11	1		0		0
8JMAP1	80	210	御兽狂魔		25	11	1		0		0

*8JMAP1	114	104	赤阳魔尊		10	1	30		0		1          赤阳魔尊             0              6
*8JMAP1	216	103	赤阳魔尊5		10	1	30		0		1          赤阳魔尊             0              6

;---------------------------------------------------------------------------------------九阶地图--------------------------------------------------------------------------------------------
9JMAP	40	79	上古腾蛇		60	10	1		0		0
9JMAP	40	79	上古英招		60	10	1		0		0

9JMAP	161	74	上古腾蛇		60	10	1		0		0
9JMAP	161	74	上古英招		60	10	1		0		0

9JMAP	116	126	上古腾蛇		60	10	1		0		0
9JMAP	116	126	上古英招		60	10	1		0		0

9JMAP	107	182	上古腾蛇		60	10	1		0		0
9JMAP	107	182	上古英招		60	10	1		0		0

9JMAP	108	228	上古腾蛇		60	10	1		0		0
9JMAP	108	228	上古英招		60	10	1		0		0
9JMAP	108	228	上古巫神		60	10	1		0		0

9JMAP	116	266	上古腾蛇		60	10	1		0		0
9JMAP	116	266	上古英招		60	10	1		0		0

9JMAP	82	235	上古腾蛇		50	10	1		0		0
9JMAP	61	265	上古英招		50	10	1		0		0
9JMAP	116	266	上古巫神		50	10	1		0		0

9JMAP	61	212	上古腾蛇		50	10	1		0		0
9JMAP	39	208	上古英招		50	10	1		0		0

9JMAP	47	172	上古腾蛇		50	10	1		0		0
9JMAP	57	135	上古英招		50	10	1		0		0
9JMAP	80	143	上古巫神		50	10	1		0		0

*9JMAP	128	131	上古妖王		1	1	2		0		1          上古妖王             0		7
*9JMAP	69	223	上古妖王1		1	1	2		0		1          上古妖王             0		7
*9JMAP	55	55	上古妖王2		1	1	2		0		1          上古妖王             0		7

;---------------------------------------------------------------------------------------九阶地图1--------------------------------------------------------------------------------------------
9JMAP1	40	79	上古腾蛇		60	10	1		0		0
9JMAP1	40	79	上古英招		60	10	1		0		0

9JMAP1	161	74	上古腾蛇		60	10	1		0		0
9JMAP1	161	74	上古英招		60	10	1		0		0

9JMAP1	116	126	上古腾蛇		60	10	1		0		0
9JMAP1	116	126	上古英招		60	10	1		0		0

9JMAP1	107	182	上古腾蛇		60	10	1		0		0
9JMAP1	107	182	上古英招		60	10	1		0		0

9JMAP1	108	228	上古腾蛇		60	10	1		0		0
9JMAP1	108	228	上古英招		60	10	1		0		0
9JMAP1	108	228	上古巫神		60	10	1		0		0

9JMAP1	116	266	上古腾蛇		60	10	1		0		0
9JMAP1	116	266	上古英招		60	10	1		0		0

9JMAP1	82	235	上古腾蛇		50	10	1		0		0
9JMAP1	61	265	上古英招		50	10	1		0		0
9JMAP1	116	266	上古巫神		50	10	1		0		0

9JMAP1	61	212	上古腾蛇		50	10	1		0		0
9JMAP1	39	208	上古英招		50	10	1		0		0

9JMAP1	47	172	上古腾蛇		50	10	1		0		0
9JMAP1	57	135	上古英招		50	10	1		0		0
9JMAP1	80	143	上古巫神		50	10	1		0		0

*9JMAP1	128	131	上古妖王		1	1	2		0		1          上古妖王             0		7
*9JMAP1	69	223	上古妖王1		1	1	2		0		1          上古妖王             0		7
*9JMAP1	55	55	上古妖王2		1	1	2		0		1          上古妖王             0		7

;---------------------------------------------------------------------------------------十阶地图--------------------------------------------------------------------------------------------
10JMAP	38		350		镇魔弓箭手		25		10		1		0		0
10JMAP	38		350		镇魔勇士		25		10		1		0		0
10JMAP	38		350		镇魔校尉		20		3		10		0		0

10JMAP	63		309		镇魔弓箭手		25		10		1		0		0
10JMAP	63		309		镇魔勇士		25		10		1		0		0
10JMAP	63		309		镇魔校尉		20		3		10		0		0

10JMAP	107		250		镇魔弓箭手		25		10		1		0		0
10JMAP	107		250		镇魔勇士		25		10		1		0		0
10JMAP	107		250		镇魔校尉		20		3		10		0		0

10JMAP	159		82		镇魔弓箭手		25		10		1		0		0
10JMAP	159		82		镇魔勇士		25		10		1		0		0
10JMAP	159		82		镇魔校尉		20		3		10		0		0

10JMAP	69		171		镇魔弓箭手		25		10		1		0		0
10JMAP	69		171		镇魔勇士		25		10		1		0		0
10JMAP	69		171		镇魔校尉		20		3		10		0		0

10JMAP	107		109		镇魔弓箭手		25		10		1		0		0
10JMAP	107		109		镇魔勇士		25		10		1		0		0
10JMAP	107		109		镇魔校尉		20		3		10		0		0

10JMAP	153		173		镇魔弓箭手		25		10		1		0		0
10JMAP	153		173		镇魔勇士		25		10		1		0		0
10JMAP	153		173		镇魔校尉		20		3		10		0		0

10JMAP	159		283		镇魔弓箭手		25		10		1		0		0
10JMAP	159		283		镇魔勇士		25		10		1		0		0
10JMAP	159		283		镇魔校尉		20		3		10		0		0

*10JMAP	73		73		血域魔尊		1		1		30		0		1		血域魔尊		0		8
*10JMAP	55		329		血域魔尊1		1		1		30		0		1		血域魔尊		0		8
*10JMAP	175		136		血域魔尊2		1		1		30		0		1		血域魔尊		0		8
;---------------------------------------------------------------------------------------十阶地图1--------------------------------------------------------------------------------------------
10JMAP1	38		350		镇魔弓箭手		25		10		1		0		0
10JMAP1	38		350		镇魔勇士		25		10		1		0		0
10JMAP1	38		350		镇魔校尉		20		3		10		0		0
10JMAP1	63		309		镇魔弓箭手		25		10		1		0		0
10JMAP1	63		309		镇魔勇士		25		10		1		0		0
10JMAP1	63		309		镇魔校尉		20		3		10		0		0
10JMAP1	107		250		镇魔弓箭手		25		10		1		0		0
10JMAP1	107		250		镇魔勇士		25		10		1		0		0
10JMAP1	107		250		镇魔校尉		20		3		10		0		0
10JMAP1	159		82		镇魔弓箭手		25		10		1		0		0
10JMAP1	159		82		镇魔勇士		25		10		1		0		0
10JMAP1	159		82		镇魔校尉		20		3		10		0		0
10JMAP1	69		171		镇魔弓箭手		25		10		1		0		0
10JMAP1	69		171		镇魔勇士		25		10		1		0		0
10JMAP1	69		171		镇魔校尉		20		3		10		0		0
10JMAP1	107		109		镇魔弓箭手		25		10		1		0		0
10JMAP1	107		109		镇魔勇士		25		10		1		0		0
10JMAP1	107		109		镇魔校尉		20		3		10		0		0
10JMAP1	153		173		镇魔弓箭手		25		10		1		0		0
10JMAP1	153		173		镇魔勇士		25		10		1		0		0
10JMAP1	153		173		镇魔校尉		20		3		10		0		0
10JMAP1	159		283		镇魔弓箭手		25		10		1		0		0
10JMAP1	159		283		镇魔勇士		25		10		1		0		0
10JMAP1	159		283		镇魔校尉		20		3		10		0		0

*10JMAP1	73		73		血域魔尊		1		1		30		0		1		血域魔尊		0		8
*10JMAP1	55		329		血域魔尊1		1		1		30		0		1		血域魔尊		0		8
*10JMAP1	175		136		血域魔尊2		1		1		30		0		1		血域魔尊		0		8

;---------------------------------------------------------------------------------------十一阶地图--------------------------------------------------------------------------------------------
11JMAP	115		200		幽暗藤妖		25		10		1		0		0
11JMAP	115		200		幽暗力士		25		10		1		0		0
11JMAP	115		200		密林巡察		20		3		10		0		0

11JMAP	58		119		幽暗藤妖		25		10		1		0		0
11JMAP	58		119		幽暗力士		25		10		1		0		0
11JMAP	58		119		密林巡察		20		3		10		0		0

11JMAP	128		61		幽暗藤妖		25		10		1		0		0
11JMAP	128		61		幽暗力士		25		10		1		0		0
11JMAP	128		61		密林巡察		20		3		10		0		0

11JMAP	78		107		幽暗藤妖		25		10		1		0		0
11JMAP	78		107		幽暗力士		25		10		1		0		0
11JMAP	78		107		密林巡察		20		3		10		0		0

11JMAP	43		94		幽暗藤妖		20		2		1		0		0
11JMAP	43		94		幽暗力士		20		2		1		0		0
11JMAP	43		94		密林巡察		20		1		10		0		0

11JMAP	44		176		幽暗藤妖		25		10		1		0		0
11JMAP	44		176		幽暗力士		25		10		1		0		0
11JMAP	44		176		密林巡察		20		3		10		0		0

*11JMAP	26		160		巨木王者		1		1		30		0		1		巨木王者		0		9
*11JMAP	68		113		巨木王者1		1		1		30		0		1		巨木王者		0		9
*11JMAP	121		61		巨木王者2		1		1		30		0		1		巨木王者		0		9

;---------------------------------------------------------------------------------------十一阶地图1--------------------------------------------------------------------------------------------
11JMAP1	115		200		幽暗藤妖		25		10		1		0		0
11JMAP1	115		200		幽暗力士		25		10		1		0		0
11JMAP1	115		200		密林巡察		20		1		10		0		0

11JMAP1	58		119		幽暗藤妖		25		10		1		0		0
11JMAP1	58		119		幽暗力士		25		10		1		0		0
11JMAP1	58		119		密林巡察		20		3		10		0		0

11JMAP1	128		61		幽暗藤妖		25		10		1		0		0
11JMAP1	128		61		幽暗力士		25		10		1		0		0
11JMAP1	128		61		密林巡察		20		3		10		0		0

11JMAP1	78		107		幽暗藤妖		25		10		1		0		0
11JMAP1	78		107		幽暗力士		25		10		1		0		0
11JMAP1	78		107		密林巡察		20		3		10		0		0

11JMAP1	43		94		幽暗藤妖		20		2		1		0		0
11JMAP1	43		94		幽暗力士		20		2		1		0		0
11JMAP1	43		94		密林巡察		20		1		10		0		0

11JMAP1	44		176		幽暗藤妖		25		10		1		0		0
11JMAP1	44		176		幽暗力士		25		10		1		0		0
11JMAP1	44		176		密林巡察		20		3		10		0		0

*11JMAP1	26		160		巨木王者		1		1		30		0		1		巨木王者		0		9
*11JMAP1	68		113		巨木王者1		1		1		30		0		1		巨木王者		0		9
*11JMAP1	121		61		巨木王者2		1		1		30		0		1		巨木王者		0		9

;---------------------------------------------------------------------------------------十二阶地图--------------------------------------------------------------------------------------------
12JMAP	166		188		烈焰骑士		40		17		1		0		0
12JMAP	166		188		烈焰魔蛛		40		18		1		0		0
12JMAP	166		188		烈焰斧魔		40		3		10		0		0

12JMAP	139		232		烈焰骑士		40		17		1		0		0
12JMAP	139		232		烈焰魔蛛		40		18		1		0		0
12JMAP	139		232		烈焰斧魔		40		3		10		0		0


12JMAP	77		194		烈焰骑士		40		17		1		0		0
12JMAP	77		194		烈焰魔蛛		40		18		1		0		0
12JMAP	77		194		烈焰斧魔		40		3		10		0		0


12JMAP	60		150		烈焰骑士		40		17		1		0		0
12JMAP	60		150		烈焰魔蛛		40		18		1		0		0
12JMAP	60		150		烈焰斧魔		40		3		10		0		0


12JMAP	99		69		烈焰骑士		40		17		1		0		0
12JMAP	99		69		烈焰魔蛛		40		18		1		0		0
12JMAP	99		69		烈焰斧魔		40		3		10		0		0


12JMAP	175		78		烈焰骑士		40		17		1		0		0
12JMAP	175		78		烈焰魔蛛		40		18		1		0		0
12JMAP	175		78		烈焰斧魔		40		3		10		0		0


12JMAP	143		121		烈焰骑士		40		17		1		0		0
12JMAP	143		121		烈焰魔蛛		40		18		1		0		0
12JMAP	143		121		烈焰斧魔		40		3		10		0		0

*12JMAP		62		150		魔域妖王		1		1		30		0		1		魔域妖王		0		9
*12JMAP		160		187		魔域妖王1		1		1		30		0		1		魔域妖王		0		9
*12JMAP		175		67		魔域妖王2		1		1		30		0		1		魔域妖王		0		9

;---------------------------------------------------------------------------------------十二阶地图1--------------------------------------------------------------------------------------------
12JMAP1	166		188		烈焰骑士		50		17		1		0		0
12JMAP1	166		188		烈焰魔蛛		50		18		1		0		0
12JMAP1	166		188		烈焰斧魔		50		3		10		0		0

12JMAP1	139		232		烈焰骑士		50		17		1		0		0
12JMAP1	139		232		烈焰魔蛛		50		18		1		0		0
12JMAP1	139		232		烈焰斧魔		50		3		10		0		0


12JMAP1	77		194		烈焰骑士		50		17		1		0		0
12JMAP1	77		194		烈焰魔蛛		50		18		1		0		0
12JMAP1	77		194		烈焰斧魔		50		3		10		0		0


12JMAP1	60		150		烈焰骑士		50		17		1		0		0
12JMAP1	60		150		烈焰魔蛛		50		18		1		0		0
12JMAP1	60		150		烈焰斧魔		50		3		10		0		0


12JMAP1	99		69		烈焰骑士		50		17		1		0		0
12JMAP1	99		69		烈焰魔蛛		50		18		1		0		0
12JMAP1	99		69		烈焰斧魔		50		3		10		0		0


12JMAP1	175		78		烈焰骑士		50		17		1		0		0
12JMAP1	175		78		烈焰魔蛛		50		18		1		0		0
12JMAP1	175		78		烈焰斧魔		50		3		10		0		0


12JMAP1	143		121		烈焰骑士		50		17		1		0		0
12JMAP1	143		121		烈焰魔蛛		50		18		1		0		0
12JMAP1	143		121		烈焰斧魔		50		3		10		0		0

*12JMAP1		62		150		魔域妖王		1		1		30		0		1		魔域妖王		0		9
*12JMAP1		160		187		魔域妖王1		1		1		30		0		1		魔域妖王		0		9
*12JMAP1		175		67		魔域妖王2		1		1		30		0		1		魔域妖王		0		9

;---------------------------------------------------------------------------------------十三阶地图--------------------------------------------------------------------------------------------
13JMAP	245	330		长枪之灵		20		10		1		0		0
13JMAP	245	330		巨斧之灵		20		10		1		0		0
13JMAP	245	330		刑天后裔		60		5		10		0		0

13JMAP	444	300		长枪之灵		20		10		1		0		0
13JMAP	444	300		巨斧之灵		20		10		1		0		0
13JMAP	444	300		刑天后裔		60		5		10		0		0

13JMAP	442	453		长枪之灵		20		10		1		0		0
13JMAP	442	453		巨斧之灵		20		10		1		0		0
13JMAP	442	453		刑天后裔		60		5		10		0		0

13JMAP	221	118		长枪之灵		20		10		1		0		0
13JMAP	221	118		巨斧之灵		20		10		1		0		0
13JMAP	221	118		刑天后裔		60		5		10		0		0

13JMAP	275	524		长枪之灵		20		10		1		0		0
13JMAP	275	524		巨斧之灵		20		10		1		0		0
13JMAP	275	524		刑天后裔		60		5		10		0		0

13JMAP	56	147		长枪之灵		20		10		1		0		0
13JMAP	56	147		巨斧之灵		20		10		1		0		0
13JMAP	56	147		刑天后裔		60		5		10		0		0

13JMAP	186	381		长枪之灵		20		10		1		0		0
13JMAP	186	381		巨斧之灵		20		10		1		0		0
13JMAP	186	381		刑天后裔		60		5		10		0		0


13JMAP	112	464		长枪之灵		20		10		1		0		0
13JMAP	112	464		巨斧之灵		20		10		1		0		0
13JMAP	112	464		刑天后裔		60		5		10		0		0

13JMAP	181	207		长枪之灵		20		10		1		0		0
13JMAP	181	207		巨斧之灵		20		10		1		0		0
13JMAP	181	207		刑天后裔		60		5		10		0		0

13JMAP	131	418		长枪之灵		20		10		1		0		0
13JMAP	131	418		巨斧之灵		20		10		1		0		0
13JMAP	131	418		刑天后裔		60		5		10		0		0

13JMAP	368	392		长枪之灵		20		10		1		0		0
13JMAP	368	392		巨斧之灵		20		10		1		0		0
13JMAP	368	392		刑天后裔		60		5		10		0		0

13JMAP	49	72		长枪之灵		20		10		1		0		0
13JMAP	49	72		巨斧之灵		20		10		1		0		0
13JMAP	49	72		刑天后裔		60		5		10		0		0

13JMAP	453	344		长枪之灵		20		10		1		0		0
13JMAP	453	344		巨斧之灵		20		10		1		0		0
13JMAP	453	344		刑天后裔		60		5		10		0		0

13JMAP	456	344		长枪之灵		20		10		1		0		0
13JMAP	456	344		巨斧之灵		20		10		1		0		0
13JMAP	456	344		刑天后裔		60		5		10		0		0

13JMAP	343	476		长枪之灵		20		10		1		0		0
13JMAP	343	476		巨斧之灵		20		10		1		0		0
13JMAP	343	476		刑天后裔		60		5		10		0		0

13JMAP	179	81		长枪之灵		20		10		1		0		0
13JMAP	179	81		巨斧之灵		20		10		1		0		0
13JMAP	179	81		刑天后裔		60		5		10		0		0

13JMAP	379	276		长枪之灵		20		10		1		0		0
13JMAP	379	276		巨斧之灵		20		10		1		0		0
13JMAP	379	276		刑天后裔		60		5		10		0		0

*13JMAP	112		464		刑天真身		1		1		30		0		1		刑天真身		0		10
*13JMAP	356		444		刑天真身1		1		1		30		0		1		刑天真身		0		10
*13JMAP	293		414		刑天真身2		1		1		30		0		1		刑天真身		0		10
;---------------------------------------------------------------------------------------十三阶地图1--------------------------------------------------------------------------------------------
13JMAP1	245	330		长枪之灵		20		10		1		0		0
13JMAP1	245	330		巨斧之灵		20		10		1		0		0
13JMAP1	245	330		刑天后裔		60		5		10		0		0

13JMAP1	444	300		长枪之灵		20		10		1		0		0
13JMAP1	444	300		巨斧之灵		20		10		1		0		0
13JMAP1	444	300		刑天后裔		60		5		10		0		0

13JMAP1	442	453		长枪之灵		20		10		1		0		0
13JMAP1	442	453		巨斧之灵		20		10		1		0		0
13JMAP1	442	453		刑天后裔		60		5		10		0		0

13JMAP1	221	118		长枪之灵		20		10		1		0		0
13JMAP1	221	118		巨斧之灵		20		10		1		0		0
13JMAP1	221	118		刑天后裔		60		5		10		0		0

13JMAP1	275	524		长枪之灵		20		10		1		0		0
13JMAP1	275	524		巨斧之灵		20		10		1		0		0
13JMAP1	275	524		刑天后裔		60		5		10		0		0

13JMAP1	56	147		长枪之灵		20		10		1		0		0
13JMAP1	56	147		巨斧之灵		20		10		1		0		0
13JMAP1	56	147		刑天后裔		60		5		10		0		0

13JMAP1	186	381		长枪之灵		20		10		1		0		0
13JMAP1	186	381		巨斧之灵		20		10		1		0		0
13JMAP1	186	381		刑天后裔		60		5		10		0		0


13JMAP1	112	464		长枪之灵		20		10		1		0		0
13JMAP1	112	464		巨斧之灵		20		10		1		0		0
13JMAP1	112	464		刑天后裔		60		5		10		0		0

13JMAP1	181	207		长枪之灵		20		10		1		0		0
13JMAP1	181	207		巨斧之灵		20		10		1		0		0
13JMAP1	181	207		刑天后裔		60		5		10		0		0

13JMAP1	131	418		长枪之灵		20		10		1		0		0
13JMAP1	131	418		巨斧之灵		20		10		1		0		0
13JMAP1	131	418		刑天后裔		60		5		10		0		0

13JMAP1	368	392		长枪之灵		20		10		1		0		0
13JMAP1	368	392		巨斧之灵		20		10		1		0		0
13JMAP1	368	392		刑天后裔		60		5		10		0		0

13JMAP1	49	72		长枪之灵		20		10		1		0		0
13JMAP1	49	72		巨斧之灵		20		10		1		0		0
13JMAP1	49	72		刑天后裔		60		5		10		0		0

13JMAP1	453	344		长枪之灵		20		10		1		0		0
13JMAP1	453	344		巨斧之灵		20		10		1		0		0
13JMAP1	453	344		刑天后裔		60		5		10		0		0

13JMAP1	456	344		长枪之灵		20		10		1		0		0
13JMAP1	456	344		巨斧之灵		20		10		1		0		0
13JMAP1	456	344		刑天后裔		60		5		10		0		0

13JMAP1	343	476		长枪之灵		20		10		1		0		0
13JMAP1	343	476		巨斧之灵		20		10		1		0		0
13JMAP1	343	476		刑天后裔		60		5		10		0		0

13JMAP1	179	81		长枪之灵		20		10		1		0		0
13JMAP1	179	81		巨斧之灵		20		10		1		0		0
13JMAP1	179	81		刑天后裔		60		5		10		0		0

13JMAP1	379	276		长枪之灵		20		10		1		0		0
13JMAP1	379	276		巨斧之灵		20		10		1		0		0
13JMAP1	379	276		刑天后裔		60		5		10		0		0

*13JMAP1	112		464		刑天真身		1		1		30		0		1		刑天真身		0		10
*13JMAP1	356		444		刑天真身1		1		1		30		0		1		刑天真身		0		10
*13JMAP1	293		414		刑天真身2		1		1		30		0		1		刑天真身		0		10
;---------------------------------------------------------------------------------------十四阶地图--------------------------------------------------------------------------------------------
14JMAP	170		170		混沌狰		140		180		1		0		0
14JMAP	170		170		混沌狴犴	140		180		1		0		0
14JMAP	170		170		混沌猬焰	140		30		10		0		0
*14JMAP	248		265		玄武真灵	1		1		30		0		1		玄武真灵		0		11
*14JMAP	104		183		玄武真灵1	1		1		30		0		1		玄武真灵		0		11
*14JMAP	195		172		玄武真灵2	1		1		30		0		1		玄武真灵		0		11

;---------------------------------------------------------------------------------------十四阶地图1--------------------------------------------------------------------------------------------
14JMAP1	170		170		混沌狰		140		180		1		0		0
14JMAP1	170		170		混沌狴犴	140		180		1		0		0
14JMAP1	170		170		混沌猬焰	140		30		10		0		0
*14JMAP1	248		265		玄武真灵	1		1		30		0		1		玄武真灵		0		11
*14JMAP1	104		183		玄武真灵1	1		1		30		0		1		玄武真灵		0		11
*14JMAP1	195		172		玄武真灵2	1		1		30		0		1		玄武真灵		0		11

;---------------------------------------------------------------------------------------十五阶地图--------------------------------------------------------------------------------------------
15JMAP	35		210		无间斧卫		30		10		1		0		0
15JMAP	35		210		无间龙卫		30		6		1		0		0
15JMAP	35		210		无间统领		30		3		10		0		0

15JMAP	115		231		无间斧卫		30		10		1		0		0
15JMAP	115		231		无间龙卫		30		6		1		0		0
15JMAP	115		231		无间统领		30		3		10		0		0

15JMAP	132		214		无间斧卫		30		10		1		0		0
15JMAP	132		214		无间龙卫		30		6		1		0		0
15JMAP	132		214		无间统领		30		3		10		0		0

15JMAP	92		161		无间斧卫		30		10		1		0		0
15JMAP	92		161		无间龙卫		30		6		1		0		0
15JMAP	92		161		无间统领		30		3		10		0		0

15JMAP	121		132		无间斧卫		30		10		1		0		0
15JMAP	121		132		无间龙卫		30		6		1		0		0
15JMAP	121		132		无间统领		30		3		10		0		0

15JMAP	138		86		无间斧卫		30		10		1		0		0
15JMAP	138		86		无间龙卫		30		6		1		0		0
15JMAP	138		86		无间统领		30		3		10		0		0

15JMAP	40		250		无间斧卫		30		10		1		0		0
15JMAP	40		250		无间龙卫		30		6		1		0		0
15JMAP	40		250		无间统领		30		3		10		0		0

*15JMAP	34		211		无间之主		1		1		30		0		1		无间之主		0		12
*15JMAP	119		243		无间之主1		1		1		30		0		1		无间之主		0		12
*15JMAP	139		90		无间之主2		1		1		30		0		1		无间之主		0		12
;---------------------------------------------------------------------------------------十五阶地图1--------------------------------------------------------------------------------------------
15JMAP1	35	210		无间斧卫		30		10		1		0		0
15JMAP1	35	210		无间龙卫		30		6		1		0		0
15JMAP1	35	210		无间统领		30		3		10		0		0

15JMAP1	115	231		无间斧卫		30		10		1		0		0
15JMAP1	115	231		无间龙卫		30		6		1		0		0
15JMAP1	115	231		无间统领		30		3		10		0		0

15JMAP1	132	214		无间斧卫		30		10		1		0		0
15JMAP1	132	214		无间龙卫		30		6		1		0		0
15JMAP1	132	214		无间统领		30		3		10		0		0

15JMAP1	92	161		无间斧卫		30		10		1		0		0
15JMAP1	92	161		无间龙卫		30		6		1		0		0
15JMAP1	92	161		无间统领		30		3		10		0		0

15JMAP1	121	132		无间斧卫		30		10		1		0		0
15JMAP1	121	132		无间龙卫		30		6		1		0		0
15JMAP1	121	132		无间统领		30		3		10		0		0

15JMAP1	138	86		无间斧卫		30		10		1		0		0
15JMAP1	138	86		无间龙卫		30		6		1		0		0
15JMAP1	138	86		无间统领		30		3		10		0		0

15JMAP1	40	250		无间斧卫		30		10		1		0		0
15JMAP1	40	250		无间龙卫		30		6		1		0		0
15JMAP1	40	250		无间统领		30		3		10		0		0

*15JMAP1	34	211		无间之主		1		1		30		0		1		无间之主		0		12
*15JMAP1	119	243		无间之主1		1		1		30		0		1		无间之主		0		12
*15JMAP1	139	90		无间之主2		1		1		30		0		1		无间之主		0		12

;---------------------------------------------------------------------------------------十六阶地图--------------------------------------------------------------------------------------------
HHBOSS		61		96		地底锤仙		30		12		1		0		0
HHBOSS		61		96		地底枪仙		30		12		1		0		0
HHBOSS		61		96		地底雷公		30		3		10		0		0
*HHBOSS		61		96		地底仙帝		1		1		30		0		1		地底仙帝		0		13


;---------------------------------------------------------------------------------------十七阶地图--------------------------------------------------------------------------------------------
XJDMX01		32		67		绝毒四尾		15		3		1		0		0
XJDMX01		32		67		绝毒术士		15		2		1		0		0
XJDMX01		32		67		绝毒半龙		15		1		10		0		0

XJDMX01		49		52		绝毒三尾		10		3		1		0		0
XJDMX01		49		52		绝毒术士		10		2		1		0		0
XJDMX01		49		52		绝毒半龙		10		1		10		0		0

XJDMX01		63		36		绝毒三尾		15		3		1		0		0
XJDMX01		63		36		绝毒术士		15		2		1		0		0
XJDMX01		63		36		绝毒半龙		15		1		10		0		0

*XJDMX01		49		52		绝毒蛛后		1		1		30		0		1		绝毒蛛后		0		14

;---------------------------------------------------------------------------------------十八阶地图--------------------------------------------------------------------------------------------
F005		38		32		虚空魔妖		150		20		1		0		0
F005		38		32		虚空杌		150		20		1		0		0
F005		38		32		虚空镰奴		150		8		10		0		0
*F005		38		32		虚空古神		1		1		30		0		1		虚空古神		0		15


;---------------------------------------------------------------------------------------狂暴地图1--------------------------------------------------------------------------------------------
*AS004		22		182		铁血魔王		1		1		30		0		1		铁血魔王		0		4
AS004		22		182		幽影武士		3		1		10		0		0
AS004		22		182		幽影武士		3		1		10		0		0
AS004		22		182		幽影武士		3		1		10		0		0

*AS004		146		28		铁血魔王1		1		1		30		0		1		铁血魔王		0		4
AS004		146		28		幽影武士		5		1		10		0		0
AS004		146		28		幽影武士		5		1		10		0		0
AS004		146		28		幽影武士		5		1		10		0		0

*AS004		207		264		铁血魔王2		1		1		30		0		1		铁血魔王		0		4
AS004		207		264		幽影武士		5		1		10		0		0
AS004		207		264		幽影武士		5		1		10		0		0
AS004		207		264		幽影武士		5		1		10		0		0

*AS004		225		199		阿修罗神		1		1		30		0		1		阿修罗神		0		5
AS004		225		199		黑袍修罗		5		1		10		0		0
AS004		225		199		黑袍修罗		5		1		10		0		0
AS004		225		199		黑袍修罗		5		1		10		0		0

*AS004		105		193		阿修罗神1		1		1		30		0		1		阿修罗神		0		5
AS004		105		193		黑袍修罗		5		1		10		0		0
AS004		105		193		黑袍修罗		5		1		10		0		0
AS004		105		193		黑袍修罗		5		1		10		0		0

*AS004		103		78		阿修罗神2		1		1		30		0		1		阿修罗神		0		5
AS004		103		78		黑袍修罗		5		1		10		0		0
AS004		103		78		黑袍修罗		5		1		10		0		0
AS004		103		78		黑袍修罗		5		1		10		0		0

*AS004		205		94		赤阳魔尊		1		1		30		0		1		赤阳魔尊		0		6
AS004		205		94		驭冰游神		5		1		10		0		0
AS004		205		94		驭冰游神		5		1		10		0		0
AS004		205		94		驭冰游神		5		1		10		0		0

*AS004		240		48		赤阳魔尊1		1		1		30		0		1		赤阳魔尊		0		6
AS004		240		48		驭冰游神		5		1		10		0		0
AS004		240		48		驭冰游神		5		1		10		0		0
AS004		240		48		驭冰游神		5		1		10		0		0

*AS004		158		134		上古妖王		1		1		30		0		1		上古妖王		0		7
AS004		158		134		上古巫神		5		1		10		0		0
AS004		158		134		上古巫神		5		1		10		0		0
AS004		158		134		上古巫神		5		1		10		0		0

*AS004		263		29		上古妖王1		1		1		30		0		1		上古妖王		0		7

;---------------------------------------------------------------------------------------狂暴地图2--------------------------------------------------------------------------------------------
*F008		38		85		血域魔尊		1		1		30		0		1		血域魔尊		0		8
F008		38		85		镇魔校尉		5		1		10		0		0
F008		38		85		镇魔校尉		5		1		10		0		0
F008		38		85		镇魔校尉		5		1		10		0		0

*F008		93		28		巨木王者		1		1		30		0		1		巨木王者		0		9
F008		93		28		密林巡察		5		1		10		0		0
F008		93		28		密林巡察		5		1		10		0		0
F008		93		28		密林巡察		5		1		10		0		0

*F008		146		83		魔域妖王		1		1		30		0		1		魔域妖王		0		9
F008		146		83		烈焰斧魔		5		1		10		0		0
F008		146		83		烈焰斧魔		5		1		10		0		0
F008		146		83		烈焰斧魔		5		1		10		0		0

*F008		92		141		刑天真身		1		1		30		0		1		刑天真身		0		10
F008		92		141		刑天后裔		5		1		10		0		0
F008		92		141		刑天后裔		5		1		10		0		0
F008		92		141		刑天后裔		5		1		10		0		0

*F008		75		107		玄武真灵		1		1		30		0		1		玄武真灵		0		11
F008		75		107		混沌猬焰		5		1		10		0		0
F008		75		107		混沌猬焰		5		1		10		0		0
F008		75		107		混沌猬焰		5		1		10		0		0

*F008		78		65		无间之主		1		1		30		0		1		无间之主		0		12
F008		78		65		无间统领		5		1		10		0		0
F008		78		65		无间统领		5		1		10		0		0
F008		78		65		无间统领		5		1		10		0		0

*F008		110		57		地底仙帝		1		1		30		0		1		地底仙帝		0		13
F008		110		57		地底雷公		5		1		10		0		0
F008		110		57		地底雷公		5		1		10		0		0
F008		110		57		地底雷公		5		1		10		0		0

*F008		111		97		绝毒蛛后		1		1		30		0		1		绝毒蛛后		0		14
F008		111		97		绝毒半龙		5		1		10		0		0
F008		111		97		绝毒半龙		5		1		10		0		0
F008		111		97		绝毒半龙		5		1		10		0		0

*F008		91		83		虚空古神		1		1		30		0		1		虚空古神		0		15
F008		91		83		虚空镰奴		5		1		10		0		0
F008		91		83		虚空镰奴		5		1		10		0		0
F008		91		83		虚空镰奴		5		1		10		0		0

;---------------------------------------------------------------------------------------VIP1级地图--------------------------------------------------------------------------------------------

*H081		27		201		通天教主		1		1		20		0		1		通天教主		0		3
H081		27		201		招魂使		5		1		10		0		0
H081		27		201		招魂使		5		1		10		0		0
H081		27		201		招魂使		5		1		10		0		0

*H081		198		383		通天教主1		1		1		20		0		1		通天教主		0		3
H081		198		383		招魂使		5		1		10		0		0
H081		198		383		招魂使		5		1		10		0		0
H081		198		383		招魂使		5		1		10		0		0

*H081		357		219		通天教主2		1		1		20		0		1		通天教主		0		3
H081		357		219		招魂使		5		1		10		0		0
H081		357		219		招魂使		5		1		10		0		0
H081		357		219		招魂使		5		1		10		0		0

*H081		238		66		铁血魔王		1		1		30		0		1		铁血魔王		0		4
H081		238		66		幽影武士		5		1		10		0		0
H081		238		66		幽影武士		5		1		10		0		0
H081		238		66		幽影武士		5		1		10		0		0

*H081		152		120		铁血魔王1		1		1		30		0		1		铁血魔王		0		4
H081		152		120		幽影武士		5		1		10		0		0
H081		152		120		幽影武士		5		1		10		0		0
H081		152		120		幽影武士		5		1		10		0		0

*H081		200		162		铁血魔王2		1		1		30		0		1		铁血魔王		0		4
H081		200		162		幽影武士		5		1		10		0		0
H081		200		162		幽影武士		5		1		10		0		0
H081		200		162		幽影武士		5		1		10		0		0

*H081		265		207		阿修罗神		1		1		30		0		1		阿修罗神		0		5
H081		265		207		黑袍修罗		5		1		10		0		0
H081		265		207		黑袍修罗		5		1		10		0		0
H081		265		207		黑袍修罗		5		1		10		0		0

*H081		205		322		阿修罗神1		1		1		30		0		1		阿修罗神		0		5
H081		205		322		黑袍修罗		5		1		10		0		0
H081		205		322		黑袍修罗		5		1		10		0		0
H081		205		322		黑袍修罗		5		1		10		0		0

*H081		140		245		赤阳魔尊		1		1		30		0		1		赤阳魔尊		0		6
H081		140		245		驭冰游神		5		1		10		0		0
H081		140		245		驭冰游神		5		1		10		0		0
H081		140		245		驭冰游神		5		1		10		0		0

*H081		215		205		上古妖王		1		1		30		0		1		上古妖王		0		7
H081		215		205		上古巫神		5		1		10		0		0
H081		215		205		上古巫神		5		1		10		0		0
H081		215		205		上古巫神		5		1		10		0		0
;---------------------------------------------------------------------------------------VIP2级地图--------------------------------------------------------------------------------------------
*A001		35		99		血域魔尊		1		1		30		0		1		血域魔尊		0		8
A001		35		99		镇魔校尉		5		1		10		0		0
A001		35		99		镇魔校尉		5		1		10		0		0
A001		35		99		镇魔校尉		5		1		10		0		0

*A001		116		181		巨木王者		1		1		30		0		1		巨木王者		0		9
A001		116		181		密林巡察		5		1		10		0		0
A001		116		181		密林巡察		5		1		10		0		0
A001		116		181		密林巡察		5		1		10		0		0

*A001		185		107		魔域妖王		1		1		30		0		1		魔域妖王		0		9
A001		185		107		烈焰斧魔		5		1		10		0		0
A001		185		107		烈焰斧魔		5		1		10		0		0
A001		185		107		烈焰斧魔		5		1		10		0		0

*A001		108		24		刑天真身		1		1		30		0		1		刑天真身		0		10
A001		108		24		刑天后裔		5		1		10		0		0
A001		108		24		刑天后裔		5		1		10		0		0
A001		108		24		刑天后裔		5		1		10		0		0

*A001		114		105		玄武真灵		1		1		30		0		1		玄武真灵		0		11
A001		114		105		混沌猬焰		5		1		10		0		0
A001		114		105		混沌猬焰		5		1		10		0		0
A001		114		105		混沌猬焰		5		1		10		0		0

;---------------------------------------------------------------------------------------VIP3级地图--------------------------------------------------------------------------------------------

*F003		13		35		无间之主		1		1		30		0		1		无间之主		0		12
F003		13		35		无间统领		5		1		10		0		0
F003		13		35		无间统领		5		1		10		0		0
F003		13		35		无间统领		5		1		10		0		0

*F003		33		56		地底仙帝		1		1		30		0		1		地底仙帝		0		13
F003		33		56		地底雷公		5		1		10		0		0
F003		33		56		地底雷公		5		1		10		0		0
F003		33		56		地底雷公		5		1		10		0		0

*F003		54		34		绝毒蛛后		1		1		30		0		1		绝毒蛛后		0		14
F003		54		34		绝毒半龙		5		1		10		0		0
F003		54		34		绝毒半龙		5		1		10		0		0
F003		54		34		绝毒半龙		5		1		10		0		0

*F003		33		12		虚空古神		1		1		30		0		1		虚空古神		0		15
F003		33		12		虚空镰奴		5		1		10		0		0
F003		33		12		虚空镰奴		5		1		10		0		0
F003		33		12		虚空镰奴		5		1		10		0		0

;---------------------------------------------------------------------------------------魔宫--------------------------------------------------------------------------------------------

*MG001		159		189		通天教主		1		1		20		0		1		通天教主		0		3
MG001		159		189		招魂使		5		1		10		0		0
MG001		159		189		招魂使		5		1		10		0		0
MG001		159		189		招魂使		5		1		10		0		0

*MG001		187		154		通天教主1		1		1		20		0		1		通天教主		0		3
MG001		187		154		招魂使		5		1		10		0		0
MG001		187		154		招魂使		5		1		10		0		0
MG001		187		154		招魂使		5		1		10		0		0

*MG001		118		262		通天教主2		1		1		20		0		1		通天教主		0		3
MG001		118		262		招魂使		5		1		10		0		0
MG001		118		262		招魂使		5		1		10		0		0
MG001		118		262		招魂使		5		1		10		0		0

*MG001		243		172		铁血魔王		1		1		30		0		1		铁血魔王		0		4
MG001		243		172		幽影武士		5		1		10		0		0
MG001		243		172		幽影武士		5		1		10		0		0
MG001		243		172		幽影武士		5		1		10		0		0

*MG001		215		89		铁血魔王1		1		1		30		0		1		铁血魔王		0		4
MG001		215		89		幽影武士		5		1		10		0		0
MG001		215		89		幽影武士		5		1		10		0		0
MG001		215		89		幽影武士		5		1		10		0		0

*MG001		89		217		铁血魔王2		1		1		30		0		1		铁血魔王		0		4
MG001		89		217		幽影武士		5		1		10		0		0
MG001		89		217		幽影武士		5		1		10		0		0
MG001		89		217		幽影武士		5		1		10		0		0

*MG001		147		156		阿修罗神		1		1		30		0		1		阿修罗神		0		5
MG001		147		156		黑袍修罗		5		1		10		0		0
MG001		147		156		黑袍修罗		5		1		10		0		0
MG001		147		156		黑袍修罗		5		1		10		0		0

*MG001		35		154		阿修罗神1		1		1		30		0		1		阿修罗神		0		5
MG001		35		154		黑袍修罗		5		1		10		0		0
MG001		35		154		黑袍修罗		5		1		10		0		0
MG001		35		154		黑袍修罗		5		1		10		0		0

*MG001		153		28		赤阳魔尊		1		1		30		0		1		赤阳魔尊		0		6
MG001		153		28		驭冰游神		5		1		10		0		0
MG001		153		28		驭冰游神		5		1		10		0		0
MG001		153		28		驭冰游神		5		1		10		0		0

*MG001		79		71		上古妖王		1		1		30		0		1		上古妖王		0		7
MG001		79		71		上古巫神		5		1		10		0		0
MG001		79		71		上古巫神		5		1		10		0		0
MG001		79		71		上古巫神		5		1		10		0		0

;---------------------------------------------------------------------------------------魔8--------------------------------------------------------------------------------------------
*MC008		57		50		上古妖王		1		1		30		0		1		上古妖王		0		7
MC008		57		50		上古巫神		5		1		10		0		0
MC008		57		50		上古巫神		5		1		10		0		0
MC008		57		50		上古巫神		5		1		10		0		0

*MC008		138		37		血域魔尊		1		1		30		0		1		血域魔尊		0		8
MC008		138		37		镇魔校尉		5		1		10		0		0
MC008		138		37		镇魔校尉		5		1		10		0		0
MC008		138		37		镇魔校尉		5		1		10		0		0

*MC008		201		70		巨木王者		1		1		30		0		1		巨木王者		0		9
MC008		201		70		密林巡察		5		1		10		0		0
MC008		201		70		密林巡察		5		1		10		0		0
MC008		201		70		密林巡察		5		1		10		0		0

*MC008		149		120		魔域妖王		1		1		30		0		1		魔域妖王		0		9
MC008		149		120		烈焰斧魔		5		1		10		0		0
MC008		149		120		烈焰斧魔		5		1		10		0		0
MC008		149		120		烈焰斧魔		5		1		10		0		0

*MC008		203		177		刑天真身		1		1		30		0		1		刑天真身		0		10
MC008		203		177		刑天后裔		5		1		10		0		0
MC008		203		177		刑天后裔		5		1		10		0		0
MC008		203		177		刑天后裔		5		1		10		0		0

*MC008		142		222		玄武真灵		1		1		30		0		1		玄武真灵		0		11
MC008		142		222		混沌猬焰		5		1		10		0		0
MC008		142		222		混沌猬焰		5		1		10		0		0
MC008		142		222		混沌猬焰		5		1		10		0		0

;---------------------------------------------------------------------------------------魔殿--------------------------------------------------------------------------------------------

*MC009		81		138		无间之主		1		1		30		0		1		无间之主		0		12
MC009		81		138		无间统领		5		1		10		0		0
MC009		81		138		无间统领		5		1		10		0		0
MC009		81		138		无间统领		5		1		10		0		0

*MC009		16		69		地底仙帝		1		1		30		0		1		地底仙帝		0		13
MC009		16		69		地底雷公		5		1		10		0		0
MC009		16		69		地底雷公		5		1		10		0		0
MC009		16		69		地底雷公		5		1		10		0		0

*MC009		98		48		绝毒蛛后		1		1		30		0		1		绝毒蛛后		0		14
MC009		98		48		绝毒半龙		5		1		10		0		0
MC009		98		48		绝毒半龙		5		1		10		0		0
MC009		98		48		绝毒半龙		5		1		10		0		0

;---------------------------------------------------------------------------------------魔王帝陵--------------------------------------------------------------------------------------------

*12-txmg		52		97		虚空古神		1		1		30		0		1		虚空古神		0		15
12-txmg		52		97		虚空镰奴		5		1		10		0		0
12-txmg		52		97		虚空镰奴		5		1		10		0		0
12-txmg		52		97		虚空镰奴		5		1		10		0		0

*12-txmg		39		34		虚空古神1		1		1		30		0		1		虚空古神		0		15
12-txmg		39		34		虚空镰奴		5		1		10		0		0
12-txmg		39		34		虚空镰奴		5		1		10		0		0
12-txmg		39		34		虚空镰奴		5		1		10		0		0

;---------------------------------------------------------------------------------------羽翼秘境--------------------------------------------------------------------------------------------

ZDFB001		11		24		蛇妖王		1		1		1		0		1
ZDFB001		11		39		蛇妖王1		1		1		1		0		1
ZDFB001		22		44		逆魔之王		1		1		15		0		1
ZDFB001		32		39		逆魔之王		1		1		15		0		1
ZDFB001		32		24		通天教主1		1		1		20		0		1		通天教主		0		3
ZDFB001		21		17		通天教主2		1		1		20		0		1		通天教主		0		3
ZDFB001		22		32		铁血魔王		1		1		30		0		1		铁血魔王		0		4

ZDFB002		11		24		铁血魔王		1		1		30		0		1		铁血魔王		0		4
ZDFB002		11		39		铁血魔王1		1		1		30		0		1		铁血魔王		0		4
ZDFB002		22		44		逆魔之王　	1		1		15		0		1
ZDFB002		32		39		逆魔之王		1		1		15		0		1
ZDFB002		32		24		通天教主1		1		1		20		0		1		通天教主		0		3
ZDFB002		21		17		通天教主2		1		1		20		0		1		通天教主		0		3
ZDFB002		22		32		阿修罗神		1		1		60		0		1		阿修罗神		0		5

ZDFB003		11		24		铁血魔王		1		1		30		0		1		铁血魔王		0		4
ZDFB003		11		39		铁血魔王1		1		1		30		0		1		铁血魔王		0		4
ZDFB003		22		44		阿修罗神		1		1		60		0		1		阿修罗神		0		5
ZDFB003		32		39		阿修罗神1		1		1		60		0		1		阿修罗神		0		5
ZDFB003		32		24		通天教主1		1		1		20		0		1		通天教主		0		3
ZDFB003		21		17		通天教主2		1		1		20		0		1		通天教主		0		3
ZDFB003		22		32		赤阳魔尊		1		1		60		0		1		赤阳魔尊		0		6


TT008004		95		163		铁血魔王　	1		1		30		0		1		铁血魔王		0		4
TT008004		163		225		铁血魔王1		1		1		30		0		1		铁血魔王		0		4
TT008004		238		297		铁血魔王2		1		1		30		0		1		铁血魔王		0		4
TT008004		297		233		阿修罗神		1		1		60		0		1		阿修罗神		0		5
TT008004		230		152		阿修罗神1		1		1		60		0		1		阿修罗神		0		5
TT008004		161		94		赤阳魔尊		1		1		60		0		1		赤阳魔尊		0		6
TT008004		301		99		赤阳魔尊1		1		1		60		0		1		赤阳魔尊		0		6


TT008005		95		163		阿修罗神		1		1		60		0		1		阿修罗神		0		5
TT008005		163		225		阿修罗神1		1		1		60		0		1		阿修罗神		0		5
TT008005		238		297		阿修罗神2		1		1		60		0		1		阿修罗神		0		5
TT008005		297		233		赤阳魔尊		1		1		60		0		1		赤阳魔尊		0		6
TT008005		230		152		赤阳魔尊1		1		1		60		0		1		赤阳魔尊		0		6
TT008005		161		94		上古妖王		1		1		60		0		1		上古妖王		0		7
TT008005		301		99		上古妖王1		1		1		60		0		1		上古妖王		0		7


TT008006		95		163		阿修罗神		1		1		60		0		1		阿修罗神		0		5
TT008006		163		225		阿修罗神1		1		1		60		0		1		阿修罗神		0		5
TT008006		238		297		赤阳魔尊		1		1		60		0		1		赤阳魔尊		0		6
TT008006		297		233		赤阳魔尊1		1		1		60		0		1		赤阳魔尊		0		6
TT008006		230		152		上古妖王		1		1		60		0		1		上古妖王		0		7
TT008006		161		94		上古妖王1		1		1		60		0		1		上古妖王		0		7
TT008006		301		99		上古妖王2		1		1		60		0		1		上古妖王		0		7


ZDFB007		11		24		上古妖王		1		1		60		0		1		上古妖王		0		7
ZDFB007		11		39		上古妖王1		1		1		60		0		1		上古妖王		0		7
ZDFB007		22		44		血域魔尊		1		1		30		0		1		血域魔尊		0		8
ZDFB007		32		39		血域魔尊1		1		1		30		0		1		血域魔尊		0		8
ZDFB007		32		24		巨木王者		1		1		30		0		1		巨木王者		0		9
ZDFB007		21		17		巨木王者1		1		1		30		0		1		巨木王者		0		9
ZDFB007		22		32		魔域妖王		1		1		30		0		1		魔域妖王		0		9


ZDFB008		11		24		血域魔尊		1		1		30		0		1		血域魔尊		0		8
ZDFB008		11		39		血域魔尊1		1		1		30		0		1		血域魔尊		0		8
ZDFB008		22		44		巨木王者		1		1		30		0		1		巨木王者		0		9
ZDFB008		32		39		巨木王者1		1		1		30		0		1		巨木王者		0		9
ZDFB008		32		24		魔域妖王		1		1		30		0		1		魔域妖王		0		9
ZDFB008		21		17		魔域妖王1		1		1		30		0		1		魔域妖王		0		9
ZDFB008		22		32		刑天真身		1		1		30		0		1		刑天真身		0		10


ZDFB009		11		24		巨木王者		1		1		30		0		1		巨木王者		0		9
ZDFB009		11		39		巨木王者1		1		1		30		0		1		巨木王者		0		9
ZDFB009		22		44		魔域妖王		1		1		30		0		1		魔域妖王		0		9
ZDFB009		32		39		魔域妖王1		1		1		30		0		1		魔域妖王		0		9
ZDFB009		32		24		刑天真身		1		1		30		0		1		刑天真身		0		10
ZDFB009		21		17		刑天真身1		1		1		30		0		1		刑天真身		0		10
ZDFB009		22		32		玄武真灵		1		1		30		0		1		玄武真灵		0		11

MC007010	235		55		魔域妖王		1		1		30		0		1		魔域妖王		0		9
MC007010	251		147		魔域妖王1		1		1		30		0		1		魔域妖王		0		9
MC007010	154		44		刑天真身		1		1		30		0		1		刑天真身		0		10
MC007010	171		115		刑天真身1		1		1		30		0		1		刑天真身		0		10
MC007010	190		205		玄武真灵		1		1		30		0		1		玄武真灵		0		11
MC007010	91		103		无间之主		1		1		30		0		1		无间之主		0		12
MC007010	73		221		地底仙帝		1		1		30		0		1		地底仙帝		0		13


MC007011	235		55		刑天真身		1		1		30		0		1		刑天真身		0		10
MC007011	251		147		刑天真身1		1		1		30		0		1		刑天真身		0		10
MC007011	154		44		玄武真灵		1		1		30		0		1		玄武真灵		0		11
MC007011	171		115		玄武真灵1		1		1		30		0		1		玄武真灵		0		11
MC007011	190		205		无间之主		1		1		30		0		1		无间之主		0		12
MC007011	91		103		地底仙帝		1		1		30		0		1		地底仙帝		0		13
MC007011	73		221		绝毒蛛后		1		1		30		0		1		绝毒蛛后		0		14


MC007012	235		55		玄武真灵		1		1		30		0		1		玄武真灵		0		11
MC007012	251		147		玄武真灵1		1		1		30		0		1		玄武真灵		0		11
MC007012	154		44		无间之主		1		1		30		0		1		无间之主		0		12
MC007012	171		115		无间之主1		1		1		30		0		1		无间之主		0		12
MC007012	190		205		地底仙帝		1		1		30		0		1		地底仙帝		0		13
MC007012	91		103		绝毒蛛后		1		1		30		0		1		绝毒蛛后		0		14
MC007012	73		221		虚空古神		1		1		30		0		1		虚空古神		0		15

;---------------------------------------------------------------------------------------坐骑秘境--------------------------------------------------------------------------------------------

WUXING001		50		51		蛇妖王		1		1		1		0		1
WUXING001		36		130		逆魔之王　	1		1		15		0		1
WUXING001		80		154		通天教主1		1		1		20		0		1		通天教主		0		3
WUXING001		117		107		铁血魔王　	1		1		30		0		1		铁血魔王		0		4
WUXING001		98		57		阿修罗神1		1		1		60		0		1		阿修罗神		0		5

WUXING002		50		51		逆魔之王　	1		1		15		0		1
WUXING002		36		130		通天教主1		1		1		20		0		1		通天教主		0		3
WUXING002		80		154		铁血魔王　	1		1		30		0		1		铁血魔王		0		4
WUXING002		117		107		阿修罗神1		1		1		60		0		1		阿修罗神		0		5
WUXING002		98		57		赤阳魔尊1		1		1		60		0		1		赤阳魔尊		0		6

WUXING003		50		51		通天教主1		1		1		20		0		1		通天教主		0		3
WUXING003		36		130		铁血魔王　	1		1		30		0		1		铁血魔王		0		4
WUXING003		80		154		阿修罗神1		1		1		60		0		1		阿修罗神		0		5
WUXING003		117		107		赤阳魔尊1		1		1		60		0		1		赤阳魔尊		0		6
WUXING003		98		57		上古妖王		1		1		60		0		1		上古妖王		0		7

HAIDI-DG004		52		232		铁血魔王　	1		1		30		0		1		铁血魔王		0		4
HAIDI-DG004		46		156		阿修罗神1		1		1		60		0		1		阿修罗神		0		5
HAIDI-DG004		127		231		赤阳魔尊1		1		1		60		0		1		赤阳魔尊		0		6
HAIDI-DG004		111		98		上古妖王		1		1		60		0		1		上古妖王		0		7
HAIDI-DG004		147		72		血域魔尊		1		1		30		0		1		血域魔尊		0		8

HAIDI-DG005		52		232		阿修罗神1		1		1		60		0		1		阿修罗神		0		5
HAIDI-DG005		46		156		赤阳魔尊1		1		1		60		0		1		赤阳魔尊		0		6
HAIDI-DG005		127		231		上古妖王		1		1		60		0		1		上古妖王		0		7
HAIDI-DG005		111		98		血域魔尊		1		1		30		0		1		血域魔尊		0		8
HAIDI-DG005		147		72		巨木王者		1		1		30		0		1		巨木王者		0		9

HAIDI-DG006		52		232		赤阳魔尊1		1		1		60		0		1		赤阳魔尊		0		6
HAIDI-DG006		46		156		上古妖王		1		1		60		0		1		上古妖王		0		7
HAIDI-DG006		127		231		血域魔尊		1		1		30		0		1		血域魔尊		0		8
HAIDI-DG006		111		98		巨木王者		1		1		30		0		1		巨木王者		0		9
HAIDI-DG006		147		72		魔域妖王		1		1		30		0		1		魔域妖王		0		9

WUXING007		50		51		上古妖王		1		1		60		0		1		上古妖王		0		7		
WUXING007		36		130		血域魔尊		1		1		30		0		1		血域魔尊		0		8
WUXING007		80		154		巨木王者		1		1		30		0		1		巨木王者		0		9
WUXING007		117		107		魔域妖王		1		1		30		0		1		魔域妖王		0		9
WUXING007		98		57		刑天真身		1		1		30		0		1		刑天真身		0		10

WUXING008		50		51		血域魔尊		1		1		30		0		1		血域魔尊		0		8
WUXING008		36		130		巨木王者		1		1		30		0		1		巨木王者		0		9
WUXING008		80		154		魔域妖王		1		1		30		0		1		魔域妖王		0		9
WUXING008		117		107		刑天真身		1		1		30		0		1		刑天真身		0		10
WUXING008		98		57		玄武真灵		1		1		30		0		1		玄武真灵		0		11

WUXING009		50		51		巨木王者		1		1		30		0		1		巨木王者		0		9
WUXING009		36		130		魔域妖王		1		1		30		0		1		魔域妖王		0		9
WUXING009		80		154		刑天真身		1		1		30		0		1		刑天真身		0		10
WUXING009		117		107		玄武真灵		1		1		30		0		1		玄武真灵		0		11
WUXING009		98		57		无间之主		1		1		30		0		1		无间之主		0		12

MSZC01010		32		81		魔域妖王		1		1		30		0		1		魔域妖王		0		9
MSZC01010		63		36		刑天真身		1		1		30		0		1		刑天真身		0		10
MSZC01010		107		80		玄武真灵		1		1		30		0		1		玄武真灵		0		11
MSZC01010		76		126		无间之主		1		1		30		0		1		无间之主		0		12
MSZC01010		70		81		地底仙帝		1		1		30		0		1		地底仙帝		0		13

MSZC01011		32		81		刑天真身		1		1		30		0		1		刑天真身		0		10
MSZC01011		63		36		玄武真灵		1		1		30		0		1		玄武真灵		0		11
MSZC01011		107		80		无间之主		1		1		30		0		1		无间之主		0		12
MSZC01011		76		126		地底仙帝		1		1		30		0		1		地底仙帝		0		13
MSZC01011		70		81		绝毒蛛后		1		1		30		0		1		绝毒蛛后		0		14

MSZC01012		32		81		玄武真灵		1		1		30		0		1		玄武真灵		0		11
MSZC01012		63		36		无间之主		1		1		30		0		1		无间之主		0		12
MSZC01012		107		80		地底仙帝		1		1		30		0		1		地底仙帝		0		13
MSZC01012		76		126		绝毒蛛后		1		1		30		0		1		绝毒蛛后		0		14
MSZC01012		70		81		虚空古神		1		1		30		0		1		虚空古神		0		15

;---------------------------------------------------------------------------------------特戒秘境--------------------------------------------------------------------------------------------
A001001		112		30		蛇妖王		1		1		1		0		1
A001001		46		102		逆魔之王　	1		1		15		0		1
A001001		118		177		通天教主1		1		1		20		0		1		通天教主		0		3
A001001		184		108		铁血魔王　	1		1		30		0		1		铁血魔王		0		4

A001002		112		30		逆魔之王　	1		1		15		0		1
A001002		46		102		通天教主1		1		1		20		0		1		通天教主		0		3
A001002		118		177		铁血魔王　	1		1		30		0		1		铁血魔王		0		4
A001002		184		108		阿修罗神1		1		1		60		0		1		阿修罗神		0		5

A001003		112		30		通天教主1		1		1		20		0		1		通天教主		0		3
A001003		46		102		铁血魔王　	1		1		30		0		1		铁血魔王		0		4
A001003		118		177		阿修罗神1		1		1		60		0		1		阿修罗神		0		5
A001003		184		108		赤阳魔尊1		1		1		60		0		1		赤阳魔尊		0		6


F002004		59		58		铁血魔王　	1		1		30		0		1		铁血魔王		0		4
F002004		19		57		阿修罗神1		1		1		60		0		1		阿修罗神		0		5
F002004		18		13		赤阳魔尊1		1		1		60		0		1		赤阳魔尊		0		6
F002004		58		13		上古妖王		1		1		60		0		1		上古妖王		0		7

F002005		59		58		阿修罗神1		1		1		60		0		1		阿修罗神		0		5
F002005		19		57		阿修罗神　	1		1		60		0		1		阿修罗神		0		5
F002005		18		13		赤阳魔尊1		1		1		60		0		1		赤阳魔尊		0		6
F002005		58		13		上古妖王		1		1		60		0		1		上古妖王		0		7

F002006		59		58		赤阳魔尊　	1		1		60		0		1		赤阳魔尊		0		6
F002006		19		57		赤阳魔尊2		1		1		60		0		1		赤阳魔尊		0		6
F002006		18		13		上古妖王		1		1		60		0		1		上古妖王		0		7
F002006		58		13		上古妖王1		1		1		60		0		1		上古妖王		0		7

A001007		112		30		血域魔尊		1		1		30		0		1		血域魔尊		0		8
A001007		46		102		巨木王者		1		1		30		0		1		巨木王者		0		9
A001007		118		177		魔域妖王		1		1		30		0		1		魔域妖王		0		9
A001007		184		108		刑天真身		1		1		30		0		1		刑天真身		0		10

A001008		112		30		巨木王者		1		1		30		0		1		巨木王者		0		9
A001008		46		102		魔域妖王		1		1		30		0		1		魔域妖王		0		9
A001008		118		177		刑天真身		1		1		30		0		1		刑天真身		0		10
A001008		184		108		玄武真灵		1		1		30		0		1		玄武真灵		0		11

A001009		112		30		魔域妖王		1		1		30		0		1		魔域妖王		0		9
A001009		46		102		刑天真身		1		1		30		0		1		刑天真身		0		10
A001009		118		177		玄武真灵		1		1		30		0		1		玄武真灵		0		11
A001009		184		108		无间之主		1		1		30		0		1		无间之主		0		12

MH015010		90		138		刑天真身		1		1		30		0		1		刑天真身		0		10
MH015010		34		83		玄武真灵		1		1		30		0		1		玄武真灵		0		11
MH015010		82		32		无间之主		1		1		30		0		1		无间之主		0		12
MH015010		128		70		地底仙帝		1		1		30		0		1		地底仙帝		0		13

MH015011		90		138		玄武真灵		1		1		30		0		1		玄武真灵		0		11
MH015011		34		83		无间之主		1		1		30		0		1		无间之主		0		12
MH015011		82		32		地底仙帝		1		1		30		0		1		地底仙帝		0		13
MH015011		128		70		绝毒蛛后		1		1		30		0		1		绝毒蛛后		0		14

MH015012		90		138		无间之主		1		1		30		0		1		无间之主		0		12
MH015012		34		83		地底仙帝		1		1		30		0		1		地底仙帝		0		13
MH015012		82		32		绝毒蛛后		1		1		30		0		1		绝毒蛛后		0		14
MH015012		128		70		虚空古神		1		1		30		0		1		虚空古神		0		15

;---------------------------------------------------------------------------------------法宝秘境--------------------------------------------------------------------------------------------
MC001001		241		166		蛇妖王		1		1		1		0		1
MC001001		167		207		蛇妖王1		1		1		1		0		1
MC001001		183		117		蛇妖王2		1		1		1		0		1
MC001001		74		211		逆魔之王　	1		1		15		0		1
MC001001		110		175		逆魔之王		1		1		15		0		1
MC001001		92		93		通天教主1		1		1		20		0		1		通天教主		0		3
MC001001		53		128		通天教主2		1		1		20		0		1		通天教主		0		3
MC001001		34		80		铁血魔王		1		1		30		0		1		铁血魔王		0		4
MC001001		73		38		阿修罗神1		1		1		60		0		1		阿修罗神		0		5

MC001002		241		166		逆魔之王　	1		1		15		0		1
MC001002		167		207		逆魔之王		1		1		15		0		1
MC001002		183		117		　逆魔之王　	1		1		15		0		1
MC001002		74		211		通天教主1		1		1		20		0		1		通天教主		0		3
MC001002		110		175		通天教主2		1		1		20		0		1		通天教主		0		3
MC001002		92		93		铁血魔王		1		1		30		0		1		铁血魔王		0		4
MC001002		53		128		铁血魔王1		1		1		30		0		1		铁血魔王		0		4
MC001002		34		80		阿修罗神1		1		1		60		0		1		阿修罗神		0		5
MC001002		73		38		赤阳魔尊1		1		1		60		0		1		赤阳魔尊		0		6

MC001003		241		166		通天教主1		1		1		20		0		1		通天教主		0		3
MC001003		167		207		通天教主2		1		1		20		0		1		通天教主		0		3
MC001003		183		117		通天教主		1		1		20		0		1		通天教主		0		3
MC001003		74		211		铁血魔王		1		1		30		0		1		铁血魔王		0		4
MC001003		110		175		铁血魔王1		1		1		30		0		1		铁血魔王		0		4
MC001003		92		93		阿修罗神1		1		1		60		0		1		阿修罗神		0		5
MC001003		53		128		阿修罗神2		1		1		60		0		1		阿修罗神		0		5
MC001003		34		80		赤阳魔尊1		1		1		60		0		1		赤阳魔尊		0		6
MC001003		73		38		上古妖王1		1		1		60		0		1		上古妖王		0		7


M025004		199		52		铁血魔王		1		1		30		0		1		铁血魔王		0		4
M025004		152		57		铁血魔王1		1		1		30		0		1		铁血魔王		0		4
M025004		196		101		铁血魔王2		1		1		30		0		1		铁血魔王		0		4
M025004		105		82		阿修罗神1		1		1		60		0		1		阿修罗神		0		5
M025004		169		148		阿修罗神2		1		1		60		0		1		阿修罗神		0		5
M025004		76		124		赤阳魔尊1		1		1		60		0		1		赤阳魔尊		0		6
M025004		88		161		赤阳魔尊2		1		1		60		0		1		赤阳魔尊		0		6
M025004		124		176		上古妖王1		1		1		60		0		1		上古妖王		0		7
M025004		95		210		上古妖王2		1		1		60		0		1		上古妖王		0		7


M025005		199		52		阿修罗神1		1		1		60		0		1		阿修罗神		0		5
M025005		152		57		阿修罗神2		1		1		60		0		1		阿修罗神		0		5
M025005		196		101		阿修罗神		1		1		60		0		1		阿修罗神		0		5
M025005		105		82		赤阳魔尊		1		1		60		0		1		赤阳魔尊		0		6
M025005		169		148		赤阳魔尊1		1		1		60		0		1		赤阳魔尊		0		6
M025005		76		124		赤阳魔尊2		1		1		60		0		1		赤阳魔尊		0		6
M025005		88		161		上古妖王		1		1		60		0		1		上古妖王		0		7
M025005		124		176		上古妖王1		1		1		60		0		1		上古妖王		0		7
M025005		95		210		上古妖王2		1		1		60		0		1		上古妖王		0		7


M025006		199		52		赤阳魔尊		1		1		60		0		1		赤阳魔尊		0		6
M025006		152		57		赤阳魔尊1		1		1		60		0		1		赤阳魔尊		0		6
M025006		196		101		赤阳魔尊2		1		1		60		0		1		赤阳魔尊		0		6
M025006		105		82		赤阳魔尊3		1		1		60		0		1		赤阳魔尊		0		6
M025006		169		148		赤阳魔尊4		1		1		60		0		1		赤阳魔尊		0		6
M025006		76		124		上古妖王		1		1		60		0		1		上古妖王		0		7
M025006		88		161		上古妖王1		1		1		60		0		1		上古妖王		0		7
M025006		124		176		上古妖王2		1		1		60		0		1		上古妖王		0		7
M025006		95		210		血域魔尊		1		1		30		0		1		血域魔尊		0		8

M026007		277		28		赤阳魔尊		1		1		60		0		1		赤阳魔尊		0		6
M026007		214		84		赤阳魔尊1		1		1		60		0		1		赤阳魔尊		0		6
M026007		180		122		赤阳魔尊2		1		1		60		0		1		赤阳魔尊		0		6
M026007		127		138		上古妖王		1		1		60		0		1		上古妖王		0		7
M026007		193		158		上古妖王1		1		1		60		0		1		上古妖王		0		7
M026007		140		173		血域魔尊		1		1		30		0		1		血域魔尊		0		8
M026007		100		203		血域魔尊1		1		1		30		0		1		血域魔尊		0		8
M026007		58		256		巨木王者		1		1		30		0		1		巨木王者		0		9
M026007		30		277		魔域妖王		1		1		30		0		1		魔域妖王		0		9


M026008		277		28		赤阳魔尊		1		1		60		0		1		赤阳魔尊		0		6
M026008		214		84		赤阳魔尊1		1		1		60		0		1		赤阳魔尊		0		6
M026008		180		122		赤阳魔尊2		1		1		60		0		1		赤阳魔尊		0		6
M026008		127		138		上古妖王		1		1		60		0		1		上古妖王		0		7
M026008		193		158		上古妖王1		1		1		60		0		1		上古妖王		0		7
M026008		140		173		血域魔尊		1		1		30		0		1		血域魔尊		0		8
M026008		100		203		血域魔尊1		1		1		30		0		1		血域魔尊		0		8
M026008		58		256		巨木王者		1		1		30		0		1		巨木王者		0		9
M026008		30		277		魔域妖王		1		1		30		0		1		魔域妖王		0		9


M026009		277		28		上古妖王		1		1		60		0		1		上古妖王		0		7
M026009		214		84		上古妖王1		1		1		60		0		1		上古妖王		0		7
M026009		180		122		上古妖王2		1		1		60		0		1		上古妖王		0		7
M026009		127		138		血域魔尊		1		1		30		0		1		血域魔尊		0		8
M026009		193		158		血域魔尊1		1		1		30		0		1		血域魔尊		0		8
M026009		140		173		巨木王者		1		1		30		0		1		巨木王者		0		9
M026009		100		203		巨木王者1		1		1		30		0		1		巨木王者		0		9
M026009		58		256		魔域妖王		1		1		30		0		1		魔域妖王		0		9
M026009		30		277		刑天真身		1		1		30		0		1		刑天真身		0		10



MH014010	136		43		血域魔尊		1		1		30		0		1		血域魔尊		0		8
MH014010	95		53		血域魔尊1		1		1		30		0		1		血域魔尊		0		8
MH014010	124		70		血域魔尊2		1		1		30		0		1		血域魔尊		0		8
MH014010	126		103		巨木王者		1		1		30		0		1		巨木王者		0		9
MH014010	91		104		巨木王者1		1		1		30		0		1		巨木王者		0		9
MH014010	64		100		魔域妖王		1		1		30		0		1		魔域妖王		0		9
MH014010	35		110		魔域妖王1		1		1		30		0		1		魔域妖王		0		9
MH014010	46		130		刑天真身		1		1		30		0		1		刑天真身		0		10
MH014010	70		143		玄武真灵		1		1		30		0		1		玄武真灵		0		11



MH014011	136		43		魔域妖王		1		1		30		0		1		魔域妖王		0		9
MH014011	95		53		魔域妖王1		1		1		30		0		1		魔域妖王		0		9
MH014011	124		70		魔域妖王2		1		1		30		0		1		魔域妖王		0		9
MH014011	126		103		刑天真身		1		1		30		0		1		刑天真身		0		10
MH014011	91		104		刑天真身1		1		1		30		0		1		刑天真身		0		10
MH014011	64		100		玄武真灵		1		1		30		0		1		玄武真灵		0		11
MH014011	35		110		玄武真灵1		1		1		30		0		1		玄武真灵		0		11
MH014011	46		130		无间之主		1		1		30		0		1		无间之主		0		12
MH014011	70		143		地底仙帝		1		1		30		0		1		地底仙帝		0		13



MH014012	136		43		玄武真灵		1		1		30		0		1		玄武真灵		0		11
MH014012	95		53		玄武真灵1		1		1		30		0		1		玄武真灵		0		11
MH014012	124		70		玄武真灵2		1		1		30		0		1		玄武真灵		0		11
MH014012	126		103		无间之主		1		1		30		0		1		无间之主		0		12
MH014012	91		104		无间之主1		1		1		30		0		1		无间之主		0		12
MH014012	64		100		地底仙帝		1		1		30		0		1		地底仙帝		0		13
MH014012	35		110		地底仙帝1		1		1		30		0		1		地底仙帝		0		13
MH014012	46		130		绝毒蛛后		1		1		30		0		1		绝毒蛛后		0		14
MH014012	70		143		虚空古神		1		1		30		0		1		虚空古神		0		15

;---------------------------------------------------------------------------------------四象秘境--------------------------------------------------------------------------------------------
BT003001		35		20		蛇妖王		1		1		1		0		1
BT003001		25		64		蛇妖王1		1		1		1		0		1
BT003001		63		68		蛇妖王2		1		1		1		0		1
BT003001		60		97		逆魔之王		1		1		15		0		1
BT003001		94		107		逆魔之王　	1		1		15		0		1
BT003001		121		75		通天教主		1		1		15		0		1		通天教主		0		3


BT003002		35		20		逆魔之王		1		1		15		0		1
BT003002		25		64		逆魔之王　	1		1		15		0		1
BT003002		63		68		　逆魔之王　	1		1		15		0		1
BT003002		60		97		通天教主		1		1		20		0		1		通天教主		0		3
BT003002		94		107		通天教主1		1		1		20		0		1		通天教主		0		3
BT003002		121		75		铁血魔王		1		1		30		0		1		铁血魔王		0		4


BT003003		35		20		通天教主		1		1		20		0		1		通天教主		0		3
BT003003		25		64		通天教主1		1		1		20		0		1		通天教主		0		3
BT003003		63		68		通天教主2		1		1		20		0		1		通天教主		0		3
BT003003		60		97		铁血魔王		1		1		30		0		1		铁血魔王		0		4
BT003003		94		107		铁血魔王1		1		1		30		0		1		铁血魔王		0		4
BT003003		121		75		阿修罗神		1		1		60		0		1		阿修罗神		0		5


JSMZ0001004	27		35		铁血魔王		1		1		30		0		1		铁血魔王		0		4
JSMZ0001004	39		89		铁血魔王1		1		1		30		0		1		铁血魔王		0		4
JSMZ0001004	85		131		阿修罗神		1		1		60		0		1		阿修罗神		0		5
JSMZ0001004	102		194		阿修罗神1		1		1		60		0		1		阿修罗神		0		5
JSMZ0001004	149		179		赤阳魔尊		1		1		60		0		1		赤阳魔尊		0		6
JSMZ0001004	150		210		赤阳魔尊1		1		1		60		0		1		赤阳魔尊		0		6


JSMZ0001005	27		35		铁血魔王		1		1		30		0		1		铁血魔王		0		4
JSMZ0001005	39		89		阿修罗神		1		1		60		0		1		阿修罗神		0		5
JSMZ0001005	85		131		阿修罗神1		1		1		60		0		1		阿修罗神		0		5
JSMZ0001005	102		194		赤阳魔尊		1		1		60		0		1		赤阳魔尊		0		6
JSMZ0001005	149		179		赤阳魔尊1		1		1		60		0		1		赤阳魔尊		0		6
JSMZ0001005	150		210		上古妖王		1		1		60		0		1		上古妖王		0		7


JSMZ0001006	27		35		阿修罗神		1		1		60		0		1		阿修罗神		0		5
JSMZ0001006	39		89		阿修罗神1		1		1		60		0		1		阿修罗神		0		5
JSMZ0001006	85		131		赤阳魔尊		1		1		60		0		1		赤阳魔尊		0		6
JSMZ0001006	102		194		赤阳魔尊1		1		1		60		0		1		赤阳魔尊		0		6
JSMZ0001006	149		179		上古妖王		1		1		60		0		1		上古妖王		0		7
JSMZ0001006	150		210		上古妖王1		1		1		60		0		1		上古妖王		0		7


AS003007		48		54		上古妖王		1		1		60		0		1		上古妖王		0		7
AS003007		99		68		血域魔尊		1		1		30		0		1		血域魔尊		0		8
AS003007		137		40		血域魔尊1		1		1		30		0		1		血域魔尊		0		8
AS003007		147		88		巨木王者		1		1		30		0		1		巨木王者		0		9
AS003007		78		139		巨木王者1		1		1		30		0		1		巨木王者		0		9
AS003007		127		124		魔域妖王		1		1		30		0		1		魔域妖王		0		9


AS003008		48		54		魔域妖王		1		1		30		0		1		魔域妖王		0		9
AS003008		99		68		魔域妖王1		1		1		30		0		1		魔域妖王		0		9
AS003008		137		40		魔域妖王2		1		1		30		0		1		魔域妖王		0		9
AS003008		147		88		刑天真身		1		1		30		0		1		刑天真身		0		10
AS003008		78		139		刑天真身1		1		1		30		0		1		刑天真身		0		10
AS003008		127		124		玄武真灵		1		1		30		0		1		玄武真灵		0		11


AS003009		48		54		刑天真身		1		1		30		0		1		刑天真身		0		10
AS003009		99		68		刑天真身1		1		1		30		0		1		刑天真身		0		10
AS003009		137		40		刑天真身2		1		1		30		0		1		刑天真身		0		10
AS003009		147		88		刑天真身3		1		1		30		0		1		刑天真身		0		10
AS003009		78		139		玄武真灵		1		1		30		0		1		玄武真灵		0		11
AS003009		127		124		玄武真灵1		1		1		30		0		1		玄武真灵		0		11


BT005010		43		34		玄武真灵		1		1		30		0		1		玄武真灵		0		11
BT005010		48		80		玄武真灵1		1		1		30		0		1		玄武真灵		0		11
BT005010		89		75		玄武真灵2		1		1		30		0		1		玄武真灵		0		11
BT005010		78		101		无间之主		1		1		30		0		1		无间之主		0		12
BT005010		82		135		无间之主1		1		1		30		0		1		无间之主		0		12
BT005010		120		85		地底仙帝		1		1		30		0		1		地底仙帝		0		13


BT005011		43		34		玄武真灵		1		1		30		0		1		玄武真灵		0		11
BT005011		48		80		无间之主		1		1		30		0		1		无间之主		0		12
BT005011		89		75		无间之主1		1		1		30		0		1		无间之主		0		12
BT005011		78		101		地底仙帝		1		1		30		0		1		地底仙帝		0		13
BT005011		82		135		地底仙帝1		1		1		30		0		1		地底仙帝		0		13
BT005011		120		85		绝毒蛛后		1		1		30		0		1		绝毒蛛后		0		14


BT005012		43		34		地底仙帝		1		1		30		0		1		地底仙帝		0		13
BT005012		48		80		地底仙帝1		1		1		30		0		1		地底仙帝		0		13
BT005012		89		75		绝毒蛛后		1		1		30		0		1		绝毒蛛后		0		14
BT005012		78		101		绝毒蛛后1		1		1		30		0		1		绝毒蛛后		0		14
BT005012		82		135		虚空古神		1		1		30		0		1		虚空古神		0		15
BT005012		120		85		虚空古神1		1		1		30		0		1		虚空古神		0		15

;---------------------------------------------------------------------------------------军衔秘境--------------------------------------------------------------------------------------------
T015001		22		22		铁血魔王		1		1		30		0		1		铁血魔王		0		4
T015001		44		45		铁血魔王1		1		1		30		0		1		铁血魔王		0		4
T015001		77		41		铁血魔王2		1		1		30		0		1		铁血魔王		0		4
T015001		115		27		阿修罗神		1		1		60		0		1		阿修罗神		0		5
T015001		151		54		阿修罗神1		1		1		60		0		1		阿修罗神		0		5
T015001		174		55		阿修罗神2		1		1		60		0		1		阿修罗神		0		5
T015001		165		109		赤阳魔尊		1		1		60		0		1		赤阳魔尊		0		6
T015001		132		93		赤阳魔尊1		1		1		60		0		1		赤阳魔尊		0		6
T015001		163		147		上古妖王		1		1		60		0		1		上古妖王		0		7
T015001		112		168		上古妖王1		1		1		60		0		1		上古妖王		0		7
T015001		92		125		血域魔尊		1		1		30		0		1		血域魔尊		0		8
T015001		67		130		血域魔尊1		1		1		30		0		1		血域魔尊		0		8
T015001		53		103		巨木王者		1		1		30		0		1		巨木王者		0		9


T015002		22		22		逆魔之王		1		1		15		0		1
T015002		44		45		逆魔之王　	1		1		15		0		1
T015002		77		41		　逆魔之王　	1		1		15		0		1
T015002		115		27		通天教主		1		1		20		0		1		通天教主		0		3
T015002		151		54		通天教主1		1		1		20		0		1		通天教主		0		3
T015002		174		55		铁血魔王		1		1		30		0		1		铁血魔王		0		4
T015002		165		109		铁血魔王1		1		1		30		0		1		铁血魔王		0		4
T015002		132		93		阿修罗神		1		1		60		0		1		阿修罗神		0		5
T015002		163		147		阿修罗神1		1		1		60		0		1		阿修罗神		0		5
T015002		112		168		赤阳魔尊		1		1		60		0		1		赤阳魔尊		0		6
T015002		92		125		逆魔之王1		1		1		15		0		1
T015002		67		130		逆魔之王2		1		1		15		0		1
T015002		53		103		逆魔之王3		1		1		15		0		1


T015003		22		22		蛇妖王		1		1		1		0		1
T015003		44		45		蛇妖王1		1		1		1		0		1
T015003		77		41		逆魔之王1		1		1		15		0		1
T015003		115		27		逆魔之王2		1		1		15		0		1
T015003		151		54		逆魔之王3		1		1		15		0		1
T015003		174		55		通天教主		1		1		20		0		1		通天教主		0		3
T015003		165		109		通天教主1		1		1		20		0		1		通天教主		0		3
T015003		132		93		铁血魔王		1		1		30		0		1		铁血魔王		0		4
T015003		163		147		铁血魔王1		1		1		30		0		1		铁血魔王		0		4
T015003		112		168		阿修罗神		1		1		60		0		1		阿修罗神		0		5
T015003		92		125		蛇妖王3		1		1		1		0		1
T015003		67		130		蛇妖王4		1		1		1		0		1
T015003		53		103		蛇妖王5		1		1		1		0		1


DC_ICE001		58		86		逆魔之王1		1		1		15		0		1
DC_ICE001		102		37		逆魔之王2		1		1		15		0		1
DC_ICE001		75		190		逆魔之王3		1		1		15		0		1
DC_ICE001		118		233		通天教主		1		1		20		0		1		通天教主		0		3
DC_ICE001		199		243		通天教主1		1		1		20		0		1		通天教主		0		3
DC_ICE001		253		195		铁血魔王		1		1		30		0		1		铁血魔王		0		4
DC_ICE001		244		83		铁血魔王1		1		1		30		0		1		铁血魔王		0		4
DC_ICE001		207		50		阿修罗神		1		1		60		0		1		阿修罗神		0		5
DC_ICE001		126		115		阿修罗神1		1		1		60		0		1		阿修罗神		0		5
DC_ICE001		135		171		赤阳魔尊		1		1		60		0		1		赤阳魔尊		0		6
DC_ICE001		184		174		赤阳魔尊1		1		1		60		0		1		赤阳魔尊		0		6
DC_ICE001		188		118		上古妖王		1		1		60		0		1		上古妖王		0		7
DC_ICE001		159		150		上古妖王1		1		1		60		0		1		上古妖王		0		7


DC_ICE002		58		86		通天教主		1		1		20		0		1		通天教主		0		3
DC_ICE002		102		37		通天教主1		1		1		20		0		1		通天教主		0		3
DC_ICE002		75		190		通天教主2		1		1		20		0		1		通天教主		0		3
DC_ICE002		118		233		铁血魔王		1		1		30		0		1		铁血魔王		0		4
DC_ICE002		199		243		铁血魔王1		1		1		30		0		1		铁血魔王		0		4
DC_ICE002		253		195		铁血魔王2		1		1		30		0		1		铁血魔王		0		4
DC_ICE002		244		83		阿修罗神		1		1		60		0		1		阿修罗神		0		5
DC_ICE002		207		50		阿修罗神1		1		1		60		0		1		阿修罗神		0		5
DC_ICE002		126		115		赤阳魔尊		1		1		60		0		1		赤阳魔尊		0		6
DC_ICE002		135		171		赤阳魔尊1		1		1		60		0		1		赤阳魔尊		0		6
DC_ICE002		184		174		上古妖王		1		1		60		0		1		上古妖王		0		7
DC_ICE002		188		118		上古妖王1		1		1		60		0		1		上古妖王		0		7
DC_ICE002		159		150		血域魔尊		1		1		30		0		1		血域魔尊		0		8


DC_ICE003		58		86		铁血魔王		1		1		30		0		1		铁血魔王		0		4
DC_ICE003		102		37		铁血魔王1		1		1		30		0		1		铁血魔王		0		4
DC_ICE003		75		190		铁血魔王2		1		1		30		0		1		铁血魔王		0		4
DC_ICE003		118		233		阿修罗神		1		1		60		0		1		阿修罗神		0		5
DC_ICE003		199		243		阿修罗神1		1		1		60		0		1		阿修罗神		0		5
DC_ICE003		253		195		阿修罗神2		1		1		60		0		1		阿修罗神		0		5
DC_ICE003		244		83		赤阳魔尊		1		1		60		0		1		赤阳魔尊		0		6
DC_ICE003		207		50		赤阳魔尊1		1		1		60		0		1		赤阳魔尊		0		6
DC_ICE003		126		115		上古妖王		1		1		60		0		1		上古妖王		0		7
DC_ICE003		135		171		上古妖王1		1		1		60		0		1		上古妖王		0		7
DC_ICE003		184		174		血域魔尊		1		1		30		0		1		血域魔尊		0		8
DC_ICE003		188		118		血域魔尊1		1		1		30		0		1		血域魔尊		0		8
DC_ICE003		159		150		巨木王者		1		1		30		0		1		巨木王者		0		9


DC_ICE004		58		86		赤阳魔尊		1		1		60		0		1		赤阳魔尊		0		6
DC_ICE004		102		37		赤阳魔尊1		1		1		60		0		1		赤阳魔尊		0		6
DC_ICE004		75		190		赤阳魔尊2		1		1		60		0		1		赤阳魔尊		0		6
DC_ICE004		118		233		上古妖王		1		1		60		0		1		上古妖王		0		7
DC_ICE004		199		243		上古妖王1		1		1		60		0		1		上古妖王		0		7
DC_ICE004		253		195		上古妖王2		1		1		60		0		1		上古妖王		0		7
DC_ICE004		244		83		血域魔尊		1		1		30		0		1		血域魔尊		0		8
DC_ICE004		207		50		血域魔尊1		1		1		30		0		1		血域魔尊		0		8
DC_ICE004		126		115		巨木王者		1		1		30		0		1		巨木王者		0		9
DC_ICE004		135		171		巨木王者1		1		1		30		0		1		巨木王者		0		9
DC_ICE004		184		174		魔域妖王		1		1		30		0		1		魔域妖王		0		9
DC_ICE004		188		118		魔域妖王1		1		1		30		0		1		魔域妖王		0		9
DC_ICE004		159		150		刑天真身		1		1		30		0		1		刑天真身		0		10


DC_ICE005		58		86		血域魔尊		1		1		30		0		1		血域魔尊		0		8
DC_ICE005		102		37		血域魔尊1		1		1		30		0		1		血域魔尊		0		8
DC_ICE005		75		190		血域魔尊2		1		1		30		0		1		血域魔尊		0		8
DC_ICE005		118		233		巨木王者		1		1		30		0		1		巨木王者		0		9
DC_ICE005		199		243		巨木王者1		1		1		30		0		1		巨木王者		0		9
DC_ICE005		253		195		魔域妖王		1		1		30		0		1		魔域妖王		0		9
DC_ICE005		244		83		魔域妖王1		1		1		30		0		1		魔域妖王		0		9
DC_ICE005		207		50		刑天真身		1		1		30		0		1		刑天真身		0		10
DC_ICE005		126		115		刑天真身1		1		1		30		0		1		刑天真身		0		10
DC_ICE005		135		171		玄武真灵		1		1		30		0		1		玄武真灵		0		11
DC_ICE005		184		174		玄武真灵1		1		1		30		0		1		玄武真灵		0		11
DC_ICE005		188		118		无间之主		1		1		30		0		1		无间之主		0		12
DC_ICE005		159		150		地底仙帝		1		1		30		0		1		地底仙帝		0		13


DC_ICE006		58		86		魔域妖王		1		1		30		0		1		魔域妖王		0		9
DC_ICE006		102		37		魔域妖王1		1		1		30		0		1		魔域妖王		0		9
DC_ICE006		75		190		魔域妖王2		1		1		30		0		1		魔域妖王		0		9
DC_ICE006		118		233		刑天真身		1		1		30		0		1		刑天真身		0		10
DC_ICE006		199		243		刑天真身1		1		1		30		0		1		刑天真身		0		10
DC_ICE006		253		195		玄武真灵		1		1		30		0		1		玄武真灵		0		11
DC_ICE006		244		83		玄武真灵1		1		1		30		0		1		玄武真灵		0		11
DC_ICE006		207		50		无间之主		1		1		30		0		1		无间之主		0		12
DC_ICE006		126		115		无间之主1		1		1		30		0		1		无间之主		0		12
DC_ICE006		135		171		地底仙帝		1		1		30		0		1		地底仙帝		0		13
DC_ICE006		184		174		地底仙帝1		1		1		30		0		1		地底仙帝		0		13
DC_ICE006		188		118		绝毒蛛后		1		1		30		0		1		绝毒蛛后		0		14
DC_ICE006		159		150		虚空古神		1		1		30		0		1		虚空古神		0		15



---------------------------------------------------------------------------------------神秘空间1层----------------------------------------------------------------------------
*smkj1		71		19		蛇妖王		1		1		15		0		1
*smkj1		113		77		逆魔之王		1		1		15		0		1
*smkj1		51		37		逆魔之王　	1		1		15		0		1
*smkj1		89		101		通天教主		1		1		15		0		1		通天教主		0		3
*smkj1		26		63		通天教主1		1		1		15		0		1		通天教主		0		3
*smkj1		70		122		通天教主2		1		1		15		0		1		通天教主		0		3
---------------------------------------------------------------------------------------神秘空间2层----------------------------------------------------------------------------
*smkj2		68		44		通天教主		1		1		15		0		1		通天教主		0		3
*smkj2		24		30		通天教主1		1		1		15		0		1		通天教主		0		3
*smkj2		25		93		铁血魔王		1		1		15		0		1		铁血魔王		0		4
*smkj2		65		123		阿修罗神		1		1		15		0		1		阿修罗神		0		5
*smkj2		119		81		赤阳魔尊		1		1		15		0		1		赤阳魔尊		0		6
*smkj2		105		25		上古妖王		1		1		15		0		1		上古妖王		0		7
---------------------------------------------------------------------------------------神秘空间3层----------------------------------------------------------------------------
*smkj3		28		26		赤阳魔尊		1		1		15		0		1		赤阳魔尊		0		6
*smkj3		27		34		上古妖王		1		1		15		0		1		上古妖王		0		7
*smkj3		45		83		血域魔尊		1		1		15		0		1		血域魔尊		0		8
*smkj3		67		23		巨木王者		1		1		15		0		1		巨木王者		0		9
*smkj3		48		50		魔域妖王		1		1		15		0		1		魔域妖王		0		9
*smkj3		52		46		刑天真身		1		1		15		0		1		刑天真身		0		10
---------------------------------------------------------------------------------------神秘空间4层----------------------------------------------------------------------------
*smkj4		60		60		玄武真灵		1		1		15		0		1		玄武真灵		0		11
*smkj4		155		154		无间之主		1		1		15		0		1		无间之主		0		12
*smkj4		150		53		地底仙帝		1		1		15		0		1		地底仙帝		0		13
*smkj4		54		150		绝毒蛛后		1		1		15		0		1		绝毒蛛后		0		14
*smkj4		102		103		虚空古神		1		1		15		0		1		虚空古神		0		15

;-------------------------------------------------------------------------------------挂机地图一--------------------------------------------------------------------------------------------------
ANQUAN1                     175        150                     烈焰使1                     142                  250                   5                                      0                                               0
ANQUAN1                     175         150                     火烈鸟1                     142                  250                   5                                      0                                                0
;-------------------------------------------------------------------------------------挂机地图二--------------------------------------------------------------------------------------------------
ANQUAN2                    175          150                     猛魔刀兵1                   142                  250                   5                                      0                                                0
ANQUAN2                    175          150                     猛魔枪卒1                   142                  250                   5                                      0                                                0

;-------------------------------------------------------------------------------------挂机地图三--------------------------------------------------------------------------------------------------
ANQUAN3                     175                     150                      魔神修罗1                   142                   250                   5                                      0                                                0
ANQUAN3                     175                     150                      暗影修罗1                   142                   250                   5                                      0                                                0

;-------------------------------------------------------------------------------------挂机地图四--------------------------------------------------------------------------------------------------
ANQUAN4                     175                     150                      御兽狂魔1                   142                  250                   5                                      0                                                0
ANQUAN4                     175                     150                      焚天马奴1                   142                  250                   5                                      0                                                0

;--------------------------------------------------------------------------------------黄金城Boss----------------------------------------------------------------------------------------------
*HJC0001                 18                      200                   黄金战神                        5                      1                  210                        100                        0            

;--------------------------------------------------------------------------------------西域奇境-----------------------------------------------------------------------------------------------------------
*5	326	    372		无间龙卫		100		110		30		0		1
*5	326		372		无间斧卫		80		6		30		0		1
*5	326 	372		无间统领		80		4		30		0		1

*5	247	    269 	无间龙卫		100		110		30		0		1
*5	246		269		无间斧卫		80		6		30		0		1
*5	246 	269		无间统领		80		4		30		0		1

*5	211	    378 	无间龙卫		100		110		30		0		1
*5	211		378		无间斧卫		80		6		30		0		1
*5	211 	378		无间统领		80		4		30		0		1

*5	187	    489 	无间龙卫		100		110		30		0		1
*5	187		489		无间斧卫		80		6		30		0		1
*5	187 	489		无间统领		80		4		30		0		1

*5	360	    213 	无间龙卫		100		110		30		0		1
*5	360		213		无间斧卫		80		6		30		0		1
*5	360 	213		无间统领		80		4		30		0		1

*5	349	    531 	无间龙卫		100		110		30		0		1
*5	349		531		无间斧卫		80		6		30		0		1
*5	349 	531		无间统领		80		4		30		0		1

*5	528	    261 	无间龙卫		100		110		30		0		1
*5	528		261		无间斧卫		80		6		30		0		1
*5	528 	261		无间统领		80		4		30		0		1

*5	573	    404 	无间龙卫		100		110		30		0		1
*5	573		404		无间斧卫		80		6		30		0		1
*5	573 	404		无间统领		80		4		30		0		1

*5	541	    525 	无间龙卫		100		110		30		0		1
*5	541		525		无间斧卫		80		6		30		0		1
*5	541 	525		无间统领		80		4		30		0		1