;安全区/复活点
1	229	241	22	28		0		0
0	474 	222	21	28		0		0
0	410 	612	22	28		0		0
0 	417 	248	10	28		0		0	0
2	225 	450	15	4		0		0
2	208 	448	15	4		0		0
3	138 	368 	15	28		0		0
4	340 	178	15	28		0		0
5	462 	107	15	28		0		0
7	54 	41	17	28		0		0
MH001	111 	80	100	0		0		0	0
SH000	20 	45 	100	0		0		0
HJC0001	97	70	15	1		0		0	0
;==========================================================激情泡点
;------------------安全区
JQKH	16 	39 	0	0		0		0
JQKH	17 	39 	0	0		0		0
JQKH	18 	39 	0	0		0		0
JQKH	19 	39 	0	0		0		0
JQKH	20 	39 	0	0		0		0
JQKH	21 	39 	0	0		0		0
JQKH	22 	39 	0	0		0		0
JQKH	23 	39 	0	0		0		0
;------------------
JQKH	17 	40 	0	0		0		0
JQKH	18 	40 	0	0		0		0
JQKH	19 	40 	0	0		0		0
JQKH	20 	40 	0	0		0		0
JQKH	21 	40 	0	0		0		0
JQKH	22 	40 	0	0		0		0
;------------------
JQKH	18 	41 	0	0		0		0
JQKH	19 	41 	0	0		0		0
JQKH	20 	41 	0	0		0		0
JQKH	21 	41 	0	0		0		0
;------------------
JQKH	19 	42 	0	0		0		0
JQKH	20 	42 	0	0		0		0