0|0|0|0|0|0|0|0|0|0|0|0|0|0|0|0|0|0|0|0|0|0|0|0|0|0
0|5|10|20|30|40|50|60|70|80|90|100|120|140|160|180|200|220|240|260|280|300|350|400|500|600
0|3|5|10|15|20|25|30|35|40|45|50|60|70|80|90|100|110|120|130|140|150|175|200|250|300
0|1|2|5|7|10|12|15|17|20|22|25|30|35|40|45|50|55|60|65|70|75|87|100|120|150
0|1|1|2|3|5|6|7|8|10|11|12|15|17|20|22|25|27|30|32|35|37|43|50|60|75
0|1|1|1|2|2|3|3|4|5|5|6|7|8|10|11|12|13|15|16|17|18|21|25|30|37
0|1|1|1|2|2|3|3|4|4|5|5|5|6|6|6|7|7|9|9|13|13|17|17|20|20
0|1|1|1|2|2|2|2|3|4|4|4|5|5|5|6|6|6|7|7|7|9|9|9|10|15
0|0|0|0|0|0|99|99|99|99|99|99|99|99|99|99|99|99|99|99|99|99|99|99|99|99|99
0|0|0|0|0|0|99|99|99|99|99|99|99|99|99|99|99|99|99|99|99|99|99|99|99|99|99
0|0|0|0|0|0|99|99|99|99|99|99|99|99|99|99|99|99|99|99|99|99|99|99|99|99|99