;---------------------------------------武器

[白玫瑰]
0=0|0|0|0
1=5|5|1|0
2=5|5|2|100
3=15|15|3|150
4=25|25|4|200
5=50|50|5|300
6=60|60|6|500
7=65|65|7|850
8=65|65|7|850
[黄金炙炎]
0=0|0|0|0
1=5|5|1|0
2=5|5|2|100
3=15|15|3|150
4=25|25|4|200
5=50|50|5|300
6=60|60|6|500
7=65|65|7|850
8=65|65|7|850
[黄金怒斩龙牙逍遥]
0=0|0|0|0
1=5|5|2|0
2=5|5|3|100
3=15|15|4|150
4=25|25|5|200
5=50|50|6|300
6=60|60|7|500
7=65|65|8|850
8=65|65|8|850
[黄金屠龙嗜魂倚天]
0=0|0|0|0
1=5|5|2|0
2=5|5|3|100
3=15|15|4|150
4=25|25|5|200
5=50|50|6|300
6=60|60|7|500
7=65|65|8|850
8=65|65|8|850
[黄金无赦夺魄聚灵]
0=0|0|0|0
1=5|5|3|0
2=5|5|4|100
3=15|15|5|150
4=25|25|6|200
5=50|50|7|300
6=60|60|8|500
7=65|65|9|850
8=65|65|9|850
[黄金雷裂霹雳道玄]
0=0|0|0|0
1=5|5|3|0
2=5|5|4|100
3=15|15|5|150
4=25|25|6|200
5=50|50|7|300
6=60|60|8|500
7=65|65|9|850
8=65|65|9|850
[拂尘]
0=0|0|0|0
1=5|5|3|0
2=5|5|4|100
3=15|15|5|150
4=25|25|6|200
5=50|50|7|300
6=60|60|8|500
7=65|65|9|850
8=65|65|9|850
[黄金炼狱狼牙离别]
0=0|0|0|0
1=5|5|3|0
2=5|5|4|100
3=15|15|5|150
4=25|25|6|200
5=50|50|7|300
6=60|60|8|500
7=65|65|9|850
8=65|65|9|850
;---------------------------------------衣服

[圣甲斗士]
0=0|0|0|0
1=5|5|1|0
2=5|5|2|100
3=15|15|3|150
4=25|25|4|200
5=50|50|5|300
6=60|60|6|500
7=65|65|7|850
8=65|65|7|850
[剑侠情缘]
0=0|0|0|0
1=5|5|1|0
2=5|5|2|100
3=15|15|3|150
4=25|25|4|200
5=50|50|5|300
6=60|60|6|500
7=65|65|7|850
8=65|65|7|850
[龙凤婚袍]
0=0|0|0|0
1=5|5|2|0
2=5|5|3|100
3=15|15|4|150
4=25|25|5|200
5=50|50|6|300
6=60|60|7|500
7=65|65|8|850
8=65|65|8|850
[神威将军]
0=0|0|0|0
1=5|5|2|0
2=5|5|3|100
3=15|15|4|150
4=25|25|5|200
5=50|50|6|300
6=60|60|7|500
7=65|65|8|850
8=65|65|8|850
[锦衣华服]
0=0|0|0|0
1=5|5|3|0
2=5|5|4|100
3=15|15|5|150
4=25|25|6|200
5=50|50|7|300
6=60|60|8|500
7=65|65|9|850
8=65|65|9|850
[九五之尊]
0=0|0|0|0
1=5|5|3|0
2=5|5|4|100
3=15|15|5|150
4=25|25|6|200
5=50|50|7|300
6=60|60|8|500
7=65|65|9|850
8=65|65|9|850
[碧血丹心]
0=0|0|0|0
1=5|5|3|0
2=5|5|4|100
3=15|15|5|150
4=25|25|6|200
5=50|50|7|300
6=60|60|8|500
7=65|65|9|850
8=65|65|9|850
[醉影逍遥]
0=0|0|0|0
1=5|5|3|0
2=5|5|4|100
3=15|15|5|150
4=25|25|6|200
5=50|50|7|300
6=60|60|8|500
7=65|65|9|850
8=65|65|9|850
;---------------------------------------足迹
[步步生财]
0=0|0|0
1=50|100|1
2=200|300|2
3=400|800|2
4=1000|1500|3
5=2000|3500|3
6=3000|8000|5
7=5000|15500|5
8=5000|15500|5
[花影缤纷]
0=0|0|0
1=50|100|1
2=200|300|2
3=400|800|2
4=1000|1500|3
5=2000|3500|3
6=3000|8000|5
7=5000|15500|5
8=5000|15500|5
[烈焰灼心]
0=0|0|0
1=75|150|2
2=225|350|3
3=425|850|3
4=1025|1550|4
5=2025|3550|4
6=3025|8050|6
7=5025|15550|6
8=5025|15550|6
[热情似火]
0=0|0|0
1=75|150|2
2=225|350|3
3=425|850|3
4=1025|1550|4
5=2025|3550|4
6=3025|8050|6
7=5025|15550|6
8=5025|15550|6
[心心相印]
0=0|0|0
1=100|200|3
2=250|400|4
3=450|900|4
4=1050|1600|5
5=2050|3600|5
6=3050|8100|7
7=5050|15600|7
8=5050|15600|7
[雪花飞舞]
0=0|0|0
1=120|250|3
2=270|450|4
3=470|950|4
4=1070|1650|5
5=2070|3650|5
6=3070|8150|7
7=5070|15650|7
8=5070|15650|7