[神兵]
;神兵等级|升级攻击下限|升级攻击上限|升级切割伤害|升级消耗|突破攻击力上限|突破切割伤害|突破人物等级|突破翅膀等级|附件等级
0=0|0|0|0|0|0|0|0|0
1=0|1|100|1|0|0|0|0|0
2=0|2|110|3|0|0|0|0|0
3=0|3|120|5|0|0|0|0|0
4=0|4|130|7|0|0|0|0|0
5=0|5|140|9|1|0|0|0|0
6=1|6|150|11|1|0|0|0|0
7=2|7|160|13|1|0|0|0|6
8=3|8|170|15|1|0|0|0|0
9=4|9|180|17|1|0|0|0|0|0
10=5|10|190|65|1|30|70|10|0
11=6|11|205|25|1|30|70|10|0
12=7|12|220|25|1|30|70|10|0
13=8|13|235|25|1|30|70|10|0
14=9|14|250|25|1|30|70|10|10
15=10|16|265|30|2|30|70|10|0
16=11|18|280|30|2|30|70|10|0
17=12|20|295|30|2|30|70|10|0
18=13|22|310|30|2|30|70|10|0
19=14|24|325|30|2|30|70|10|0
20=15|26|340|150|2|60|75|15|0
21=17|28|355|55|2|60|75|15|12
22=19|30|370|55|2|60|75|15|0
23=21|32|385|55|2|60|75|15|0
24=23|34|400|55|2|60|75|15|0
25=25|36|415|60|3|60|75|15|0
26=27|38|430|60|3|60|75|15|0
27=29|40|445|60|3|60|75|15|0
28=31|42|460|60|3|60|75|15|14
29=33|44|475|60|3|60|75|15|0
30=35|46|490|300|3|105|85|20|0
31=37|49|510|105|3|105|85|20|0
32=39|52|530|105|3|105|85|20|0
33=41|55|550|105|3|105|85|20|0
34=43|58|570|105|3|105|85|20|0
35=45|61|590|210|4|105|85|20|16
36=47|64|610|150|4|105|85|20|0
37=49|67|630|150|4|105|85|20|0
38=51|70|650|150|4|105|85|20|0
39=53|73|670|150|4|105|85|20|0
40=55|76|690|600|4|150|90|25|0
41=58|79|710|225|4|150|90|25|0
42=61|82|730|225|4|150|90|25|18
43=64|85|750|225|4|150|90|25|0
44=67|88|770|225|4|150|90|25|0
45=70|91|790|450|5|150|90|25|0
46=73|94|810|240|5|150|90|25|0
47=76|97|830|240|5|150|90|25|0
48=79|100|850|240|5|150|90|25|0
49=82|103|870|240|5|150|90|25|21
50=85|106|890|960|5|215|95|35|0
51=88|109|920|285|5|215|95|35|0
52=91|112|950|285|5|215|95|35|0
53=94|115|980|285|5|215|95|35|0
54=97|118|1010|285|5|215|95|35|0
55=100|121|1040|570|6|215|95|35|0
56=103|124|1070|315|6|215|95|35|24
57=106|127|1100|315|6|215|95|35|0
58=109|130|1130|315|6|215|95|35|0
59=112|133|1160|315|6|215|95|35|0
60=116|137|1190|1260|6|280|100|40|0
61=120|141|1220|360|6|280|100|40|0
62=124|145|1250|360|6|280|100|40|0
63=128|149|1280|360|6|280|100|40|27
64=132|153|1310|360|6|280|100|40|0
65=136|157|1340|720|7|280|100|40|0
66=140|161|1370|465|7|280|100|40|0
67=144|165|1400|465|7|280|100|40|0
68=148|169|1430|465|7|280|100|40|0
69=152|173|1460|465|7|280|100|40|0
70=156|177|1490|1860|7|375|105|50|30
71=161|182|1520|600|7|375|105|50|0
72=166|187|1550|600|7|375|105|50|0
73=171|192|1580|600|7|375|105|50|0
74=176|197|1610|600|7|375|105|50|0
75=181|202|1640|1200|8|375|105|50|0
76=186|207|1670|735|8|375|105|50|0
77=191|212|1700|735|8|375|105|50|36
78=196|217|1730|735|8|375|105|50|0
79=201|222|1760|735|8|375|105|50|0
80=206|227|1790|2940|8|470|110|65|0
81=214|235|1840|900|8|470|110|65|0
82=222|243|1890|900|8|470|110|65|0
83=230|251|1940|900|8|470|110|65|0
84=238|259|1990|900|8|470|110|65|42
85=246|267|2040|1800|9|470|110|65|0
86=254|275|2090|960|9|470|110|65|0
87=262|283|2140|960|9|470|110|65|0
88=270|291|2190|960|9|470|110|65|0
89=278|299|2240|960|9|470|110|65|0
90=286|307|2290|3840|9|595|115|70|0
91=294|315|2340|1050|9|595|115|70|48
92=302|323|2390|1050|9|595|115|70|0
93=310|331|2440|1050|9|595|115|70|0
94=318|339|2490|1050|9|595|115|70|0
95=326|347|2540|2100|10|595|115|70|0
96=334|355|2590|1170|10|595|115|70|0
97=342|363|2640|1170|10|595|115|70|0
98=350|371|2690|1170|10|595|115|70|54
99=358|379|2740|1170|10|595|115|70|0
100=366|387|2790|4680|10|745|115|80|0
101=0|0|0|0|0|0|0|0|0

[宝甲]
;宝甲等级|升级防御下限0|升级防御上限1|血量2|防切割3|突破双防上限4|突破切割抵抗5|突破人物等级6|突破坐骑等级7|消耗8|坐骑装备等级9
0=0|0|0|0|0|0|0|0|0|0
1=0|1|250|50|0|0|0|0|1|0
2=0|2|286|56|0|0|0|0|3|0
3=0|3|322|61|0|0|0|0|5|0
4=0|4|358|66|0|0|0|0|7|0
5=0|5|394|71|1|0|0|0|9|0
6=1|6|430|76|1|0|0|0|11|0
7=2|7|466|81|1|0|0|0|13|8
8=3|8|502|86|1|0|0|0|15|0
9=4|9|538|91|1|0|0|0|17|0
10=5|10|574|96|1|20|70|10|65|0
11=6|11|610|104|1|20|0|0|25|0
12=7|12|646|112|1|20|0|0|25|0
13=8|13|682|120|1|20|0|0|25|0
14=9|14|718|128|1|20|0|0|25|12
15=10|16|754|136|2|20|0|0|30|0
16=11|18|799|144|2|20|0|0|30|0
17=12|20|844|152|2|20|0|0|30|0
18=13|22|889|160|2|20|0|0|30|0
19=14|24|934|168|2|20|0|0|30|0
20=15|26|979|176|2|40|75|15|150|0
21=17|28|1024|184|2|40|0|0|55|20
22=19|30|1069|192|2|40|0|0|55|0
23=21|32|1114|200|2|40|0|0|55|0
24=23|34|1159|208|2|40|0|0|55|0
25=25|36|1204|216|3|40|0|0|60|0
26=27|38|1249|224|3|40|0|0|60|0
27=29|40|1294|232|3|40|0|0|60|0
28=31|42|1339|240|3|40|0|0|60|28
29=33|44|1384|248|3|40|0|0|60|0
30=35|46|1474|256|3|75|85|20|300|0
31=37|49|1564|266|3|75|0|0|105|0
32=39|52|1654|276|3|75|0|0|105|0
33=41|55|1744|286|3|75|0|0|105|0
34=43|58|1834|296|3|75|0|0|105|0
35=45|61|1924|306|4|75|0|0|210|32
36=47|64|2014|316|4|75|0|0|150|0
37=49|67|2104|326|4|75|0|0|150|0
38=51|70|2194|336|4|75|0|0|150|0
39=53|73|2284|346|4|75|0|0|150|0
40=55|76|2419|356|4|110|90|25|600|0
41=58|79|2554|366|4|110|0|0|225|0
42=61|82|2689|376|4|110|0|0|225|36
43=64|85|2824|386|4|110|0|0|225|0
44=67|88|2959|396|4|110|0|0|225|0
45=70|91|3094|406|5|110|0|0|450|0
46=73|94|3229|416|5|110|0|0|240|0
47=76|97|3364|426|5|110|0|0|240|0
48=79|100|3499|436|5|110|0|0|240|0
49=82|103|3634|446|5|110|0|0|240|40
50=85|106|3769|456|5|165|95|35|960|0
51=88|109|3949|471|5|165|0|0|285|0
52=91|112|3950|486|5|165|0|0|285|0
53=94|115|3951|501|5|165|0|0|285|0
54=97|118|3952|516|5|165|0|0|285|0
55=100|121|3953|531|6|165|0|0|570|0
56=103|124|3954|546|6|165|0|0|315|52
57=106|127|3955|561|6|165|0|0|315|0
58=109|130|3956|576|6|165|0|0|315|0
59=112|133|3957|591|6|165|0|0|315|0
60=116|137|3958|606|6|220|100|40|1260|0
61=120|141|3959|621|6|220|0|0|360|0
62=124|145|3960|636|6|220|0|0|360|0
63=128|149|3961|651|6|220|0|0|360|60
64=132|153|3962|666|6|220|0|0|360|0
65=136|157|3963|681|7|220|0|0|720|0
66=140|161|3964|696|7|220|0|0|465|0
67=144|165|3965|711|7|220|0|0|465|0
68=148|169|3966|726|7|220|0|0|465|0
69=152|173|3967|741|7|220|0|0|465|0
70=156|177|4192|756|7|290|105|50|1860|68
71=161|182|4193|771|7|290|0|0|600|0
72=166|187|4194|786|7|290|0|0|600|0
73=171|192|4195|801|7|290|0|0|600|0
74=176|197|4196|816|7|290|0|0|600|0
75=181|202|4197|831|8|290|0|0|1200|0
76=186|207|4198|846|8|290|0|0|735|0
77=191|212|4199|861|8|290|0|0|735|80
78=196|217|4200|876|8|290|0|0|735|0
79=201|222|4201|891|8|290|0|0|735|0
80=206|227|4202|906|8|360|110|65|2940|0
81=214|235|4203|931|8|360|0|0|900|0
82=222|243|4204|956|8|360|0|0|900|0
83=230|251|4205|981|8|360|0|0|900|0
84=238|259|4206|1006|8|360|0|0|900|92
85=246|267|4207|1031|9|360|0|0|1800|0
86=254|275|4208|1056|9|360|0|0|960|0
87=262|283|4209|1081|9|360|0|0|960|0
88=270|291|4210|1106|9|360|0|0|960|0
89=278|299|4211|1131|9|360|0|0|960|0
90=286|307|4212|1156|9|460|115|70|3840|0
91=294|315|4213|1181|9|460|0|0|1050|108
92=302|323|4214|1206|9|460|0|0|1050|0
93=310|331|4215|1231|9|460|0|0|1050|0
94=318|339|4216|1256|9|460|0|0|1050|0
95=326|347|4217|1281|10|460|0|0|2100|0
96=334|355|4218|1306|10|460|0|0|1170|0
97=342|363|4219|1331|10|460|0|0|1170|0
98=350|371|4220|1356|10|460|0|0|1170|120
99=358|379|4221|1381|10|460|0|0|1170|0
100=366|387|4222|1406|10|560|115|80|4680|0
101=0|0|0|0|0|0|0|0|0|0