0=1,1|2,1|3,1|4,1|5,1|
1=1,1|2,1|3,1|4,1|5,1|
2=1,1|2,1|3,1|4,1|5,1|
3=1,1|2,1|3,1|4,1|5,1|
4=1,1|2,1|3,1|4,1|5,1|
5=1,1|2,1|3,1|4,1|5,1|
6=6,1|7,1|8,1|9,1|10,1|
7=6,1|7,1|8,1|9,1|10,1|
8=6,1|7,1|8,1|9,1|10,1|
9=6,1|7,1|8,1|9,1|10,1|
10=6,1|7,1|8,1|9,1|10,1|
11=11,1|12,1|13,1|14,1|15,1|
12=11,1|12,1|13,1|14,1|15,1|
13=11,1|12,1|13,1|14,1|15,1|
14=11,1|12,1|13,1|14,1|15,1|
15=11,1|12,1|13,1|14,1|15,1|
16=16,1|17,1|18,1|19,1|20,1|
17=16,1|17,1|18,1|19,1|20,1|
18=16,1|17,1|18,1|19,1|20,1|
19=16,1|17,1|18,1|19,1|20,1|
20=16,1|17,1|18,1|19,1|20,1|
21=21,1|22,1|23,1|
22=21,1|22,1|23,1|
23=21,1|22,1|23,1|
24=24,1|25,1|26,1|
25=24,1|25,1|26,1|
26=24,1|25,1|26,1|
27=27,1|28,1|29,1|
28=27,1|28,1|29,1|
29=27,1|28,1|29,1|
30=30,1|31,1|32,1|
31=30,1|31,1|32,1|
32=30,1|31,1|32,1|
33=33,1|34,1|35,1|
34=33,1|34,1|35,1|
35=33,1|34,1|35,1|
36=36,1|37,1|38,1|
37=36,1|37,1|38,1|
38=36,1|37,1|38,1|
39=39,1|40,1|41,1|
40=39,1|40,1|41,1|
41=39,1|40,1|41,1|
42=42,1|43,1|44,1|
43=42,1|43,1|44,1|
44=42,1|43,1|44,1|
45=45,1|46,1|47,1|
46=45,1|46,1|47,1|
47=45,1|46,1|47,1|
48=48,1|49,1|50,1|
49=48,1|49,1|50,1|
50=48,1|49,1|50,1|
51=51,1|52,1|53,1|
52=51,1|52,1|53,1|
53=51,1|52,1|53,1|
54=54,1|55,1|56,1|
55=54,1|55,1|56,1|
56=54,1|55,1|56,1|
57=57,1|58,1|59,1|
58=57,1|58,1|59,1|
59=57,1|58,1|59,1|
60=60,1|61,1|62,1|
61=60,1|61,1|62,1|
62=60,1|61,1|62,1|
63=63,1|64,1|65,1|
64=63,1|64,1|65,1|
65=63,1|64,1|65,1|
66=66,1|67,1|68,1|
67=66,1|67,1|68,1|
68=66,1|67,1|68,1|
69=69,1|70,1|71,1|
70=69,1|70,1|71,1|
71=69,1|70,1|71,1|
72=72,1|73,1|74,1|
73=72,1|73,1|74,1|
74=72,1|73,1|74,1|
75=75,1|76,1|77,1|78,1|79,1|
76=75,1|76,1|77,1|78,1|79,1|
77=75,1|76,1|77,1|78,1|79,1|
78=75,1|76,1|77,1|78,1|79,1|
79=75,1|76,1|77,1|78,1|79,1|
80=80,1|81,1|82,1|83,1|84,1|
81=80,1|81,1|82,1|83,1|84,1|
82=80,1|81,1|82,1|83,1|84,1|
83=80,1|81,1|82,1|83,1|84,1|
84=80,1|81,1|82,1|83,1|84,1|
85=85,1|86,1|87,1|88,1|89,1|
86=85,1|86,1|87,1|88,1|89,1|
87=85,1|86,1|87,1|88,1|89,1|
88=85,1|86,1|87,1|88,1|89,1|
89=85,1|86,1|87,1|88,1|89,1|
90=90,1|91,1|92,1|93,1|94,1|
91=90,1|91,1|92,1|93,1|94,1|
92=90,1|91,1|92,1|93,1|94,1|
93=90,1|91,1|92,1|93,1|94,1|
94=90,1|91,1|92,1|93,1|94,1|
95=95,1|96,1|97,1|98,1|99,1|
96=95,1|96,1|97,1|98,1|99,1|
97=95,1|96,1|97,1|98,1|99,1|
98=95,1|96,1|97,1|98,1|99,1|
99=95,1|96,1|97,1|98,1|99,1|
100=100,1|101,1|102,1|103,1|104,1|
101=100,1|101,1|102,1|103,1|104,1|
102=100,1|101,1|102,1|103,1|104,1|
103=100,1|101,1|102,1|103,1|104,1|
104=100,1|101,1|102,1|103,1|104,1|
105=105,1|106,1|107,1|108,1|109,1|
106=105,1|106,1|107,1|108,1|109,1|
107=105,1|106,1|107,1|108,1|109,1|
108=105,1|106,1|107,1|108,1|109,1|
109=105,1|106,1|107,1|108,1|109,1|
110=110,1|111,1|112,1|113,1|114,1|
111=110,1|111,1|112,1|113,1|114,1|
112=110,1|111,1|112,1|113,1|114,1|
113=110,1|111,1|112,1|113,1|114,1|
114=110,1|111,1|112,1|113,1|114,1|
115=115,1|116,1|117,1|118,1|119,1|
116=115,1|116,1|117,1|118,1|119,1|
117=115,1|116,1|117,1|118,1|119,1|
118=115,1|116,1|117,1|118,1|119,1|
119=115,1|116,1|117,1|118,1|119,1|
120=120,1|
121=121,1|
