[祈祷头盔]
1=0|0|0|0|0|0|15|0|0
2=0|0|0|0|0|0|20|0|0
3=0|0|0|0|0|0|30|0|0
4=0|0|0|0|0|0|55|0|0
5=0|0|0|0|0|0|85|0|0
6=0|0|0|0|0|0|125|0|0

[祈祷项链]
1=0|0|0|0|0|0|15|0|0
2=0|0|0|0|0|0|20|0|0
3=0|0|0|0|0|0|30|0|0
4=0|0|0|0|0|0|55|0|0
5=0|0|0|0|0|0|85|0|0
6=0|0|0|0|0|0|125|0|0

[祈祷手镯]
1=0|0|0|0|0|0|10|0|0
2=0|0|0|0|0|0|15|0|0
3=0|0|0|0|0|0|30|0|0
4=0|0|0|0|0|0|55|0|0
5=0|0|0|0|0|0|85|0|0
6=0|0|0|0|0|0|125|0|0

[祈祷戒指]
1=0|0|0|0|0|0|10|0|0
2=0|0|0|0|0|0|15|0|0
3=0|0|0|0|0|0|30|0|0
4=0|0|0|0|0|0|55|0|0
5=0|0|0|0|0|0|85|0|0
6=0|0|0|0|0|0|125|0|0

[狂怒头盔]
1=1|5|0|0|0|0|0|0|0
2=3|8|0|0|0|0|0|0|0
3=6|13|0|0|0|0|0|0|0
4=11|18|0|0|0|0|0|0|0
5=17|25|0|0|0|0|0|0|0
6=27|35|0|0|0|0|0|0|0

[狂怒项链]
1=2|2|0|0|0|0|0|0|0
2=3|3|0|0|0|0|0|0|0
3=4|5|0|0|0|0|0|0|0
4=6|8|0|0|0|0|0|0|0
5=9|11|0|0|0|0|0|0|0
6=13|16|0|0|0|0|0|0|0

[狂怒手镯]
1=0|0|0|0|0|0|50|0|0
2=0|0|0|0|0|0|80|0|0
3=0|0|0|0|0|0|115|0|0
4=0|0|0|0|0|0|175|0|0
5=0|0|0|0|0|0|240|0|0
6=0|0|0|0|0|0|340|0|0

[狂怒戒指]
1=0|0|3|5|3|5|0|0|0
2=0|0|5|7|5|7|0|0|0
3=0|0|7|10|7|10|0|0|0
4=0|0|10|15|10|15|0|0|0
5=0|0|15|20|15|20|0|0|0
6=0|0|21|29|21|29|0|0|0

[嗜血头盔]
1=0|4|0|0|0|0|0|0|0
2=2|4|0|0|0|0|0|0|0
3=4|6|0|0|0|0|0|0|0
4=7|10|0|0|0|0|0|0|0
5=11|14|0|0|0|0|0|0|0
6=16|19|0|0|0|0|0|0|0

[嗜血项链]
1=1|5|0|0|0|0|0|0|0
2=3|7|0|0|0|0|0|0|0
3=5|9|0|0|0|0|0|0|0
4=7|12|0|0|0|0|0|0|0
5=11|17|0|0|0|0|0|0|0
6=16|22|0|0|0|0|0|0|0

[嗜血手镯]
1=1|3|0|0|0|0|0|0|0
2=2|4|0|0|0|0|0|0|0
3=3|6|0|0|0|0|0|0|0
4=5|8|0|0|0|0|0|0|0
5=7|11|0|0|0|0|0|0|0
6=10|16|0|0|0|0|0|0|0

[嗜血戒指]
1=0|0|3|4|0|0|0|0|0
2=0|0|5|6|0|0|0|0|0
3=0|0|8|10|0|0|0|0|0
4=0|0|12|14|0|0|0|0|0
5=0|0|17|20|0|0|0|0|0
6=0|0|23|26|0|0|0|0|0

[神秘头盔]
1=1|2|0|0|0|0|0|0|0
2=2|4|0|0|0|0|0|0|0
3=4|7|0|0|0|0|0|0|0
4=7|12|0|0|0|0|0|0|0
5=12|20|0|0|0|0|0|0|0
6=20|30|0|0|0|0|0|0|0

[神秘项链]
1=1|1|0|0|0|0|0|0|0
2=2|2|0|0|0|0|0|0|0
3=4|4|0|0|0|0|0|0|0
4=6|7|0|0|0|0|0|0|0
5=8|10|0|0|0|0|0|0|0
6=11|13|0|0|0|0|0|0|0

[神秘手镯]
1=2|3|0|0|0|0|0|0|0
2=3|5|0|0|0|0|0|0|0
3=5|8|0|0|0|0|0|0|0
4=8|13|0|0|0|0|0|0|0
5=13|21|0|0|0|0|0|0|0
6=21|31|0|0|0|0|0|0|0

[神秘戒指]
1=0|0|2|2|2|2|0|0|0
2=0|0|4|4|4|4|0|0|0
3=0|0|6|6|6|6|0|0|0
4=0|0|8|8|8|8|0|0|0
5=0|0|10|10|10|10|0|0|0
6=0|0|12|12|12|12|0|0|0

[明王头盔]
1=0|0|5|5|5|5|0|0|0
2=0|0|10|10|10|10|0|0|0
3=0|0|15|15|15|15|0|0|0
4=0|0|20|20|20|20|0|0|0
5=0|0|25|25|25|25|0|0|0
6=0|0|30|30|30|30|0|0|0

[明王项链]
1=0|0|4|4|4|4|0|0|0
2=0|0|8|8|8|8|0|0|0
3=0|0|12|12|12|12|0|0|0
4=0|0|16|16|16|16|0|0|0
5=0|0|20|20|20|20|0|0|0
6=0|0|24|24|24|24|0|0|0

[明王手镯]
1=0|0|3|3|3|3|0|0|0
2=0|0|6|6|6|6|0|0|0
3=0|0|9|9|9|9|0|0|0
4=0|0|12|12|12|12|0|0|0
5=0|0|15|15|15|15|0|0|0
6=0|0|18|18|18|18|0|0|0

[明王戒指]
1=0|0|2|2|2|2|0|0|0
2=0|0|4|4|4|4|0|0|0
3=0|0|6|6|6|6|0|0|0
4=0|0|8|8|8|8|0|0|0
5=0|0|10|10|10|10|0|0|0
6=0|0|12|12|12|12|0|0|0

[神御头盔]
1=0|0|0|0|0|0|0|3|0
2=3|3|0|0|0|0|0|3|0
3=3|3|0|0|0|0|0|5|0
4=8|8|0|0|0|0|0|5|0
5=16|16|0|0|0|0|0|5|0
6=16|16|0|0|0|0|0|7|0

[神御项链]
1=0|0|0|0|0|0|0|0|1
2=0|0|3|3|3|3|0|0|1
3=0|0|3|3|3|3|0|0|2
4=0|0|5|5|5|5|0|0|2
5=0|0|9|9|9|9|0|0|2
6=0|0|9|9|9|9|0|0|3

[神御手镯]
1=0|0|0|0|0|0|0|0|1
2=0|0|3|3|3|3|0|0|1
3=0|0|3|3|3|3|0|0|2
4=0|0|5|5|5|5|0|0|2
5=0|0|9|9|9|9|0|0|2
6=0|0|9|9|9|9|0|0|3

[神御戒指]
1=0|0|0|0|0|0|0|0|1
2=0|0|3|3|3|3|0|0|1
3=0|0|3|3|3|3|0|0|2
4=0|0|5|5|5|5|0|0|2
5=0|0|9|9|9|9|0|0|2
6=0|0|9|9|9|9|0|0|3
