[5]
3=1,1|6,1|11,1|16,1|30,1|48,1|51,1|60,1|63,1
4=1,1|6,1|11,1|16,1|30,1|48,1|51,1|60,1|63,1
5=1,1|6,1|11,1|16,1|30,1|33,1|36,1|39,1|48,1|51,1|57,1|60,1|63,1|66.1
6=1,1|6,1|11,1|16,1|21,|24,1|27,1|30,1|33,1|36,1|39,1|48,1|51,1|57,1|60,1|63,1|66.1
7=1,1|6,1|11,1|21,1|24,1|27,1|30,1|33,1|36,1|39,1|42,1|45,1|48,1|51,1|54,1|57,1|60,1|63,1|66,1
8=1,1|6,1|11,1|21,1|24,1|27,1|30,1|33,1|36,1|39,1|42,1|45,1|48,1|51,1|54,1|57,1|60,1|63,1|66,1
9=1,1|6,1|11,1|21,1|24,1|27,1|16,1|30,1|33,1|36,1|39,1|42,1|45,1|48,1|51,1|54,1|57,1|60,1|63,1|66,1|69,1|72,1
10=1,1|6,1|11,1|21,1|24,1|27,1|16,1|33,1|39,1|42,1|45,1|54,1|57,1|60,1|69,1|72,1
11=1,1|6,1|11,1|21,1|24,1|27,1|16,1|33,1|39,1|42,1|45,1|54,1|57,1|60,1|69,1|72,1
12=1,1|6,1|11,1|21,1|24,1|27,1|16,1|33,1|39,1|42,1|45,1|54,1|57,1|60,1|69,1|72,1
13=1,1|6,1|11,1|21,1|24,1|27,1|16,1|33,1|39,1|42,1|45,1|54,1|57,1|60,1|69,1|72,1
14=1,1|6,1|11,1|21,1|24,1|27,1|16,1|33,1|39,1|42,1|45,1|54,1|57,1|60,1|69,1|72,1
15=1,1|6,1|11,1|21,1|24,1|27,1|16,1|33,1|39,1|42,1|45,1|54,1|57,1|60,1|69,1|72,1
16=1,1|6,1|11,1|21,1|24,1|27,1|16,1|33,1|39,1|42,1|45,1|54,1|57,1|60,1|69,1|72,1
17=1,1|6,1|11,1|21,1|24,1|27,1|16,1|33,1|39,1|42,1|45,1|54,1|57,1|60,1|69,1|72,1
18=1,1|6,1|11,1|21,1|24,1|27,1|16,1|33,1|39,1|42,1|45,1|54,1|57,1|60,1|69,1|72,1

[10]
3=95,1|100,1|75,1|80,1
4=95,1|100,1|75,1|80,1
5=95,1|105,1|100,1|75,1|80,1
6=95,1|105,1|100,1|75,1|80,1
7=95,1|105,1|100,1|75,1|80,1|85,1|90,1
8=95,1|105,1|100,1|75,1|80,1|85,1|90,1
9=95,1|105,1|100,1|75,1|80,1|85,1|90,1
10=95,1|105,1|100,1|85,1|90,1
11=95,1|105,1|100,1|85,1|90,1
12=95,1|105,1|100,1|85,1|90,1
13=95,1|105,1|100,1|85,1|90,1
14=95,1|105,1|100,1|85,1|90,1
15=95,1|105,1|100,1|85,1|90,1
16=95,1|105,1|100,1|85,1|90,1
17=95,1|105,1|100,1|85,1|90,1
18=95,1|105,1|100,1|85,1|90,1

[11]
3=95,1|100,1|75,1|80,1
4=95,1|100,1|75,1|80,1
5=95,1|105,1|100,1|75,1|80,1
6=95,1|105,1|100,1|75,1|80,1
7=95,1|105,1|100,1|75,1|80,1|85,1|90,1
8=95,1|105,1|100,1|75,1|80,1|85,1|90,1
9=95,1|105,1|100,1|75,1|80,1|85,1|90,1
10=95,1|105,1|100,1|85,1|90,1
11=95,1|105,1|100,1|85,1|90,1
12=95,1|105,1|100,1|85,1|90,1
13=95,1|105,1|100,1|85,1|90,1
14=95,1|105,1|100,1|85,1|90,1
15=95,1|105,1|100,1|85,1|90,1
16=95,1|105,1|100,1|85,1|90,1
17=95,1|105,1|100,1|85,1|90,1
18=95,1|105,1|100,1|85,1|90,1

[15]
3=95,1|100,1|75,1|80,1
4=95,1|100,1|75,1|80,1
5=95,1|105,1|100,1|75,1|80,1
6=95,1|105,1|100,1|75,1|80,1
7=95,1|105,1|100,1|75,1|80,1|85,1|90,1
8=95,1|105,1|100,1|75,1|80,1|85,1|90,1
9=95,1|105,1|100,1|75,1|80,1|85,1|90,1
10=95,1|105,1|100,1|85,1|90,1
11=95,1|105,1|100,1|85,1|90,1
12=95,1|105,1|100,1|85,1|90,1
13=95,1|105,1|100,1|85,1|90,1
14=95,1|105,1|100,1|85,1|90,1
15=95,1|105,1|100,1|85,1|90,1
16=95,1|105,1|100,1|85,1|90,1
17=95,1|105,1|100,1|85,1|90,1
18=95,1|105,1|100,1|85,1|90,1

[58]
3=95,1|100,1|75,1|80,1
4=95,1|100,1|75,1|80,1
5=95,1|105,1|100,1|75,1|80,1
6=95,1|105,1|100,1|75,1|80,1
7=95,1|105,1|100,1|75,1|80,1|85,1|90,1
8=95,1|105,1|100,1|75,1|80,1|85,1|90,1
9=95,1|105,1|100,1|75,1|80,1|85,1|90,1
10=95,1|105,1|100,1|85,1|90,1
11=95,1|105,1|100,1|85,1|90,1
12=95,1|105,1|100,1|85,1|90,1
13=95,1|105,1|100,1|85,1|90,1
14=95,1|105,1|100,1|85,1|90,1
15=95,1|105,1|100,1|85,1|90,1
16=95,1|105,1|100,1|85,1|90,1
17=95,1|105,1|100,1|85,1|90,1
18=95,1|105,1|100,1|85,1|90,1

[81]
3=95,1|100,1|75,1|80,1
4=95,1|100,1|75,1|80,1
5=95,1|105,1|100,1|75,1|80,1
6=95,1|105,1|100,1|75,1|80,1
7=95,1|105,1|100,1|75,1|80,1|85,1|90,1
8=95,1|105,1|100,1|75,1|80,1|85,1|90,1
9=95,1|105,1|100,1|75,1|80,1|85,1|90,1
10=95,1|105,1|100,1|85,1|90,1
11=95,1|105,1|100,1|85,1|90,1
12=95,1|105,1|100,1|85,1|90,1
13=95,1|105,1|100,1|85,1|90,1
14=95,1|105,1|100,1|85,1|90,1
15=95,1|105,1|100,1|85,1|90,1
16=95,1|105,1|100,1|85,1|90,1
17=95,1|105,1|100,1|85,1|90,1
18=95,1|105,1|100,1|85,1|90,1

[19]
3=121,1|121,1
4=121,1|121,1
5=121,1|110,1|115,1
6=121,1|110,1|115,1
7=121,1|120,1|110,1|115,1
8=121,1|120,1|110,1|115,1
9=121,1|120,1|110,1|115,1
10=120,1|110,1|115,1
11=120,1|110,1|115,1
12=120,1|110,1|115,1
13=120,1|110,1|115,1
14=120,1|110,1|115,1
15=120,1|110,1|115,1
16=120,1|110,1|115,1
17=120,1|110,1|115,1
18=120,1|110,1|115,1

[22]
3=121,1|121,1
4=121,1|121,1
5=121,1|110,1|115,1
6=121,1|110,1|115,1
7=121,1|120,1|110,1|115,1
8=121,1|120,1|110,1|115,1
9=121,1|120,1|110,1|115,1
10=120,1|110,1|115,1
11=120,1|110,1|115,1
12=120,1|110,1|115,1
13=120,1|110,1|115,1
14=120,1|110,1|115,1
15=120,1|110,1|115,1
16=120,1|110,1|115,1
17=120,1|110,1|115,1
18=120,1|110,1|115,1

[26]
3=121,1|121,1
4=121,1|121,1
5=121,1|110,1|115,1
6=121,1|110,1|115,1
7=121,1|120,1|110,1|115,1
8=121,1|120,1|110,1|115,1
9=121,1|120,1|110,1|115,1
10=120,1|110,1|115,1
11=120,1|110,1|115,1
12=120,1|110,1|115,1
13=120,1|110,1|115,1
14=120,1|110,1|115,1
15=120,1|110,1|115,1
16=120,1|110,1|115,1
17=120,1|110,1|115,1
18=120,1|110,1|115,1

