;身上佩戴|下级装备|look|idx|材料|金币|攻击|攻击|防御|防御|攻击|攻击|防御|防御  ---13
~太初勋章|两仪勋章|26023|631|45|50000|7|0|4|0|10|0|5|0
~两仪勋章|三才勋章|26025|632|105|100000|10|0|5|0|12|1|6|1
~三才勋章|四象勋章|26016|633|165|150000|12|1|6|1|17|2|8|2
~四象勋章|五行勋章|26017|634|305|200000|17|2|8|2|24|3|12|3
~五行勋章|六合勋章|26018|635|485|250000|24|3|12|3|35|3|17|3
~六合勋章|七星勋章|26019|636|590|300000|35|3|17|3|45|4|23|4
~七星勋章|八荒勋章|26020|637|640|350000|45|4|23|4|56|5|27|5
~八荒勋章|九鼎勋章|25582|638|730|400000|56|5|27|5|66|6|33|6
~九鼎勋章|十方勋章|25583|639|850|450000|66|6|33|6|77|7|42|7
~十方勋章|青龙勋章|25584|640|910|500000|77|7|42|7|88|8|44|8
~青龙勋章|白虎勋章|25585|641|1030|550000|88|8|44|8|120|10|60|10
~白虎勋章|朱雀勋章|25586|642|1050|600000|120|10|60|10|135|20|67|20
~朱雀勋章|玄武勋章|8280|643|1250|650000|135|20|67|20|150|30|75|30
~玄武勋章|地煞勋章|30635|644|1360|700000|150|30|75|30|170|40|85|40
~地煞勋章|天罡勋章|25685|645|1480|750000|170|40|85|40|175|50|87|50
~天罡勋章|修罗勋章|6998|646|1600|800000|175|50|87|50|195|75|100|75
~修罗勋章|混沌勋章|26658|647|2000|850000|195|75|100|75|225|145|175|140
~混沌勋章|混沌勋章|26658|647|2000|900000|225|225|175|140|225|225|175|140
;身上佩戴|下级装备|look|idx|材料|金币|攻击|攻击|防御(魔防)|防御(魔防)|切割|攻击|攻击|防御(魔防)|防御(魔防)|切割
~太初宝石|两仪宝石|25853|649|45|50000|10|10|2|2|30|15|15|3|3|50
~两仪宝石|三才宝石|25857|650|105|100000|15|15|3|3|50|15|20|4|4|70
~三才宝石|四象宝石|25861|651|165|150000|15|20|4|4|70|25|25|5|5|90
~四象宝石|五行宝石|25850|652|305|200000|25|25|5|5|90|35|35|7|7|130
~五行宝石|六合宝石|25854|653|485|250000|35|35|7|7|130|50|50|10|10|170
~六合宝石|七星宝石|25858|654|590|300000|50|50|10|10|170|65|65|13|13|210
~七星宝石|八荒宝石|25862|655|640|350000|65|65|13|13|210|80|80|16|16|270
~八荒宝石|九鼎宝石|25851|656|730|400000|80|80|16|16|270|95|95|19|19|350
~九鼎宝石|十方宝石|25855|657|850|450000|95|95|19|19|350|110|110|22|22|410
~十方宝石|青龙宝石|25859|658|910|500000|110|110|22|22|410|125|125|25|25|760
~青龙宝石|白虎宝石|25863|659|1030|550000|125|125|25|25|760|130|130|26|26|1130
~白虎宝石|朱雀宝石|25852|660|1050|600000|130|130|26|26|1130|130|140|50|65|1750
~朱雀宝石|玄武宝石|25856|661|1250|650000|130|140|50|65|1750|140|140|70|93|2100
~玄武宝石|地煞宝石|25860|662|1360|700000|140|140|70|93|2100|157|157|85|100|2500
~地煞宝石|天罡宝石|25864|663|1480|750000|157|157|85|100|2500|175|175|122|145|3000
~天罡宝石|修罗宝石|6020|664|1600|800000|175|175|122|145|3000|195|195|145|170|3500
~修罗宝石|混沌宝石|25592|665|2000|850000|195|195|145|170|3500|225|225|170|210|4888
~混沌宝石|混沌宝石|25592|665|2000|900000|225|225|170|210|4888|225|225|170|210|4888
;身上佩戴|下级装备|look|idx|材料|金币|攻击|攻击|防御|防御|暴击率|暴击伤害|攻击|攻击|防御|防御|暴击率|暴击伤害 ---17
~太初魂珠|两仪魂珠|6535|703|45|50000|10|10|2|2|3|1|15|15|3|3|4|2   
~两仪魂珠|三才魂珠|6536|704|105|100000|15|15|3|3|4|2|15|20|4|4|5|3
~三才魂珠|四象魂珠|6537|705|165|150000|15|20|4|4|5|3|25|25|5|5|6|5
~四象魂珠|五行魂珠|6538|706|305|200000|25|25|5|5|6|5|35|35|7|7|7|7
~五行魂珠|六合魂珠|6539|707|485|250000|35|35|7|7|7|7|50|50|10|10|8|9
~六合魂珠|七星魂珠|6540|708|590|300000|50|50|10|10|8|9|65|65|13|13|9|11
~七星魂珠|八荒魂珠|6541|709|640|350000|65|65|13|13|9|11|80|80|16|16|10|13
~八荒魂珠|九鼎魂珠|6542|710|730|400000|80|80|16|16|10|13|95|95|19|19|11|15
~九鼎魂珠|十方魂珠|9010|711|850|450000|95|95|19|19|11|15|110|110|22|22|12|18
~十方魂珠|青龙魂珠|9020|712|910|500000|110|110|22|22|12|18|125|125|25|25|13|21
~青龙魂珠|白虎魂珠|9030|713|1030|550000|125|125|25|25|13|21|130|130|26|26|14|24
~白虎魂珠|朱雀魂珠|9180|714|1050|600000|130|130|26|26|14|24|130|140|50|65|15|27
~朱雀魂珠|玄武魂珠|6582|715|1250|650000|130|140|50|65|15|27|140|140|70|93|16|30
~玄武魂珠|地煞魂珠|6583|716|1360|700000|140|140|70|93|16|30|157|157|110|110|17|33
~地煞魂珠|天罡魂珠|30534|717|1480|750000|157|157|110|110|17|33|175|175|123|123|18|36
~天罡魂珠|修罗魂珠|30535|718|1600|800000|175|175|123|123|18|36|195|195|136|136|19|39
~修罗魂珠|混沌魂珠|30465|719|2000|850000|195|195|136|136|19|39|225|225|180|180|20|45
~混沌魂珠|混沌魂珠|30465|719|2000|900000|225|225|180|180|20|45|225|225|180|180|20|45
;身上佩戴|下级装备|look|idx|材料|金币|攻击|攻击|防御|防御|切割抵抗|攻击|攻击|防御|防御|切割抵抗
~太初盾牌|两仪盾牌|5193|685|45|50000|0|0|5|5|25|0|0|10|10|40
~两仪盾牌|三才盾牌|5232|686|105|100000|0|0|10|10|40|0|0|12|13|55
~三才盾牌|四象盾牌|30504|687|165|150000|0|0|12|13|55|0|0|17|17|70
~四象盾牌|五行盾牌|30505|688|305|200000|0|0|17|17|70|0|0|23|23|105
~五行盾牌|六合盾牌|30506|689|485|250000|0|0|23|23|105|0|0|35|35|135
~六合盾牌|七星盾牌|30507|690|590|300000|0|0|35|35|135|0|0|45|45|165
~七星盾牌|八荒盾牌|30508|691|640|350000|0|0|45|45|165|0|0|56|56|210
~八荒盾牌|九鼎盾牌|30509|692|730|400000|0|0|56|56|210|0|0|66|66|280
~九鼎盾牌|十方盾牌|30510|693|850|450000|0|0|66|66|280|30|30|77|77|330
~十方盾牌|青龙盾牌|30511|694|910|500000|30|30|77|77|330|40|40|88|88|610
~青龙盾牌|白虎盾牌|30512|695|1030|550000|40|40|88|88|610|50|50|95|95|905
~白虎盾牌|朱雀盾牌|30512|696|1050|600000|50|50|95|95|905|50|60|100|100|1400
~朱雀盾牌|玄武盾牌|30512|697|1250|650000|50|60|100|100|1400|70|70|105|105|1650
~玄武盾牌|地煞盾牌|30512|698|1360|700000|70|70|105|105|1650|140|140|130|130|2000
~地煞盾牌|天罡盾牌|30512|699|1480|750000|140|140|130|130|2000|175|175|175|175|2400
~天罡盾牌|修罗盾牌|30512|700|1600|800000|175|175|175|175|2400|195|195|195|195|2800
~修罗盾牌|混沌盾牌|30512|701|2000|850000|195|195|195|195|2800|225|225|225|225|3888
~混沌盾牌|混沌盾牌|30512|701|2000|900000|225|225|225|225|3888|225|225|225|225|3888
;身上佩戴|下级装备|look|idx|材料|金币|防御|防御|最大生命暴伤抵抗|防御|防御最大生命|暴伤抵抗   --13
~太初面具|两仪面具|10374|667|45|50000|5|5|1|20%|10|10|2|22%
~两仪面具|三才面具|8270|668|105|100000|10|10|2|22%|12|12|3|23%
~三才面具|四象面具|10420|669|165|150000|12|12|3|23%|17|17|4|24%
~四象面具|五行面具|8271|670|305|200000|17|17|4|24%|23|23|5|25%
~五行面具|六合面具|30276|671|485|250000|23|23|5|25%|35|35|6|26%
~六合面具|七星面具|10408|672|590|300000|35|35|6|26%|45|45|7|27%
~七星面具|八荒面具|8272|673|640|350000|45|45|7|27%|56|56|8|28%
~八荒面具|九鼎面具|8273|674|730|400000|56|56|8|28%|66|66|9|30%
~九鼎面具|十方面具|30283|675|850|450000|66|66|9|30%|77|77|10|32%
~十方面具|青龙面具|10375|676|910|500000|77|77|10|32%|88|88|11|34%
~青龙面具|白虎面具|30284|677|1030|550000|88|88|11|34%|95|95|12|36%
~白虎面具|朱雀面具|10417|678|1050|600000|95|95|12|36%|100|100|13|38%
~朱雀面具|玄武面具|10410|679|1250|650000|100|100|13|38%|105|105|14|40%
~玄武面具|地煞面具|2010|680|1360|700000|105|105|14|40%|130|130|15|43%
~地煞面具|天罡面具|2002|681|1480|750000|130|130|15|43%|175|175|16|46%
~天罡面具|修罗面具|10409|682|1600|800000|175|175|16|46%|195|195|17|49%
~修罗面具|混沌面具|10422|683|2000|850000|195|195|17|49%|225|225|18|55%
~混沌面具|混沌面具|10422|683|2000|900000|225|225|18|55%|225|225|18|55%
;身上佩戴|下级装备|look|idx|材料|金币|生命|魔法|生命恢复|魔法恢复|生命|魔法|生命恢复|魔法恢复
~太初护符|两仪护符|1444|721|45|50000|10%|90|每10秒恢复3%|每秒恢复2%|11%|120|每10秒回复3%|每秒恢复2%
~两仪护符|三才护符|26000|722|105|100000|11%|120|每10秒恢复3%|每秒恢复2%|11%|160|每10秒回复3%|每秒恢复2%
~三才护符|四象护符|30261|723|165|150000|11%|160|每10秒恢复3%|每秒恢复2%|11%|240|每10秒回复4%|每秒恢复3%
~四象护符|五行护符|6716|724|305|200000|11%|240|每10秒恢复4%|每秒恢复3%|12%|300|每10秒回复4%|每秒恢复3%
~五行护符|六合护符|6717|725|485|250000|12%|300|每10秒恢复4%|每秒恢复3%|13%|400|每10秒回复4%|每秒恢复3%
~六合护符|七星护符|6718|726|590|300000|13%|400|每10秒恢复4%|每秒恢复3%|14%|520|每10秒回复5%|每秒恢复4%
~七星护符|八荒护符|6719|727|640|350000|14%|520|每10秒恢复5%|每秒恢复4%|15%|700|每10秒回复5%|每秒恢复4%
~八荒护符|九鼎护符|6720|728|730|400000|15%|700|每10秒恢复5%|每秒恢复4%|16%|900|每10秒回复5%|每秒恢复4%
~九鼎护符|十方护符|6721|729|850|450000|16%|900|每10秒恢复5%|每秒恢复4%|17%|1100|每10秒回复5%|每秒恢复5%
~十方护符|青龙护符|6722|730|910|500000|17%|1100|每10秒恢复5%|每秒恢复5%|18%|1300|每10秒回复5%|每秒恢复5%
~青龙护符|白虎护符|6688|731|1030|550000|18%|1300|每10秒恢复5%|每秒恢复5%|19%|1500|每10秒回复5%|每秒恢复5%
~白虎护符|朱雀护符|6689|732|1050|600000|19%|1500|每10秒恢复5%|每秒恢复5%|20%|1700|每10秒回复5%|每秒恢复6%
~朱雀护符|玄武护符|6800|733|1250|650000|20%|1700|每10秒恢复5%|每秒恢复6%|21%|1900|每10秒回复5%|每秒恢复6%
~玄武护符|地煞护符|6801|734|1360|700000|21%|1900|每10秒恢复5%|每秒恢复6%|22%|2100|每10秒回复5%|每秒恢复7%
~地煞护符|天罡护符|6802|735|1480|750000|22%|2100|每10秒恢复5%|每秒恢复7%|23%|2300|每10秒回复5%|每秒恢复8%
~天罡护符|修罗护符|6803|736|1600|800000|23%|2300|每10秒恢复5%|每秒恢复8%|24%|2500|每10秒回复5%|每秒恢复9%
~修罗护符|混沌护符|1227|737|2000|850000|24%|2500|每10秒恢复5%|每秒恢复9%|25%|3000|每10秒回复5%|每秒恢复10%
~混沌护符|混沌护符|1227|737|2000|900000|25%|3000|每10秒恢复5%|每秒恢复10%|25%|3000|每10秒回复5%|每秒恢复10%
