12000
24000
36000
60000
84000
96000
108000
132000
156000
180000
216000
252000
288000
324000
360000
420000
480000
540000
600000
660000
720000
840000
1020000
1200000
1440000
1680000
1920000
2160000
2400000
2640000
3120000
3600000
4080000
4560000
5040000
6000000
6960000
7920000
8880000
9840000
10800000
11760000
12720000
13680000
14640000
15960000
17280000
18600000
19920000
21240000
22560000
23880000
25200000
26520000
30180000
33840000
37500000
41160000
44820000
48480000
52140000
55800000
59460000
63120000
66780000
70440000
74100000
77760000
81420000
86040000
89508000
93360000
97212000
101064000
104916000
108768000
112620000
116472000
120324000
124176000
131988000
139800000
147612000
155424000
163236000
171048000
178860000
186672000
194484000
202296000
210108000
217920000
225732000
233544000
241356000
259200000
286560000
313920000
341280000
368640000
396000000
423360000
450720000
478080000
505440000
518400000
545760000
573120000
600480000
627840000
655200000
682560000
709920000
737280000
764640000
777600000
790560000
803520000
816480000
829440000
829440000
