0
30
35
40
45
50
55
60
65
70
75
85
95
105
115
125
135
145
155
165
175
185
195
205
215
225
240
255
270
285
300
315
330
345
360
375
395
415
435
455
475
495
515
535
555
575
595
615
635
655
675
695
715
735
755
775
795
815
835
855
875
895
915
935
955
975
1000
1025
1050
1075
1100
1125
1150
1175
1200
1225
1250
1275
1300
1325
1350
1375
1400
1425
1450
1475
1500
1525
1550
1575
1600
1625
1650
1675
1700
1725
1750
1775
1800
1825
1880
1935
1990
2045
2100
2155
2210
2265
2320
2375
2430
2485
2540
2595
2650
2705
2760
2815
2870
2925
2980